212
sp_P08559.3_ODPA.HUMAN  0.0000000 4.2575582 3.5791271 5.9149953 4.6924433 3.5580490 6.2062118 4.9851193 5.0644416 3.7119134 5.3484528 3.4272423 6.5680131 5.2055999 4.3912559 4.3339219 5.6785477 3.3255771 5.8438989 5.2644408 3.8830055 4.0444913 3.4181297 4.6036953 4.0619470 4.6917193 6.2248004 5.5347138 5.3424232 4.4542813 2.8337765 4.0570533 3.9563735 5.0449549 5.6677644 4.6428754 4.4867607 4.6479560 3.8830438 5.0784013 6.0084902 5.6568420 4.0264949 4.9086569 4.1701855 3.4614684 5.9025510 5.3234801 3.6372016 4.2316300 5.2188731 5.2087471 3.3997533 4.6581364 5.5487359 4.3105131 4.2606764 4.2349712 4.3384394 4.1420469 3.4923241 4.8232940 3.6376127 5.2324453 4.2641305 5.2332703 3.6502831 6.5994669 4.3592854 4.5751044 5.3789254 4.7295144 3.9486549 5.1793429 5.0337669 4.5503995 5.0002214 3.9780857 4.1540419 4.2927613 4.2000412 4.6833903 3.9868134 4.6238744 5.6842589 3.5690762 4.8574705 5.3690632 3.9469059 5.2137721 3.9971749 4.1424630 3.4810099 4.3526377 3.3024706 4.5462188 4.1029163 4.0157518 4.4397792 3.4541493 5.0409286 5.1546595 5.3581287 4.4923208 5.2846067 3.2950939 4.1277734 6.0487742 4.0776064 3.8133232 5.0842737 3.4833491 7.0631199 4.3427077 3.5316400 7.4467188 4.6779437 3.4083921 5.6154193 3.9185426 3.3767432 3.6978655 3.0871555 5.2790653 4.9522032 5.4170873 3.9158143 4.4864133 2.5634707 3.7857712 6.9799680 4.7363141 3.8882850 4.8173614 3.6679531 4.7467599 4.8754447 3.6546000 4.8018576 4.3011018 5.4317701 5.0217967 4.8750126 4.8048009 3.2709539 5.2471750 4.8601135 5.1659151 5.7209982 3.5386899 6.2287760 4.9024425 4.6075992 4.8978577 4.4417492 5.4835692 4.1455295 4.5696782 3.4203429 4.5596620 4.9498870 5.7802225 3.2953989 3.0392643 3.1006718 4.4217305 5.8661722 3.5937989 4.5721264 4.6692388 6.2066983 7.8688776 3.3683838 4.4218611 5.0923013 4.3178856 4.7152622 3.6184684 3.8802198 4.9942526 5.0891904 5.2962439 4.0223920 4.8230499 4.4818774 4.8012511 3.3438355 4.8280249 5.6519101 4.4793089 4.8219605 4.0991296 3.6322911 5.2063894 4.7972586 4.4904350 4.1967052 0.1595501 4.4546191 5.7587759 3.7416433 4.5518888 4.3345501 4.0065535 5.0134511 4.4126822 4.2089476 4.8496475 4.9726922 5.0895273 4.3004343 5.0577129 
sp_Q8N8N7.1_PTGR2.HUMAN 4.2575582 0.0000000 5.0795341 7.5682824 4.3736535 4.5956234 5.8687441 5.2384386 4.3385617 6.0422580 6.2540969 5.6764562 7.5302724 3.9444517 4.6615335 4.5567552 5.6228673 3.4516057 4.4280106 6.8665763 4.2810692 4.9248411 3.2462356 4.3520594 4.9050342 4.5001460 5.0766871 4.4882456 4.4293732 6.0642726 4.4894410 4.6521152 5.2319410 5.3222860 5.6365946 5.5377766 4.8338686 4.6818187 4.6348757 6.9402452 4.3681366 4.3713325 5.2340435 4.3860538 4.1430115 3.5470726 5.2029693 6.0385468 3.9100983 3.9691955 5.6066210 4.7880929 4.0687610 4.8690833 6.2590459 5.3715317 4.1783749 3.8654890 4.4097402 3.6813620 4.6547985 3.6646392 3.6711276 5.1268515 5.2035666 5.4191749 4.0466148 4.8600916 4.5286934 5.7301974 6.1093897 6.0576247 4.6019801 3.2943510 5.1947517 4.1423516 4.2691350 4.7868511 6.5061839 6.1943545 3.9756516 2.9380489 4.8455616 4.6389977 4.4515621 3.9911350 4.7440153 4.9259337 3.7019408 5.4304920 4.2010695 4.4237057 4.5108199 4.7702681 4.8977088 4.4394025 4.9813489 4.4570858 3.9695035 3.5561157 4.3190615 6.2261597 5.2344900 4.6146498 4.6086490 4.4215390 3.7717045 8.2930774 5.5477701 4.4182538 4.5885576 4.7604598 4.4430054 4.4206018 3.8065465 6.2182736 5.8208298 4.3898165 4.2658058 5.9052906 4.6657487 4.1406215 5.1018932 5.5081054 4.0330374 5.9950523 5.0146635 4.0041229 5.5183727 3.8397831 5.2517339 5.9357798 4.0425457 3.8077361 4.4589510 3.8568870 4.7875591 4.3452274 5.1274341 3.4064815 4.7984802 4.3111369 4.8072631 7.0790431 3.4086182 5.0079655 5.7249534 5.9361917 4.5755653 4.9175146 3.6846737 4.7674545 3.7449501 3.5448651 5.5363553 5.9619972 3.2633235 4.4377555 4.2265715 5.2682742 5.0142095 4.1247221 4.3473901 4.2745629 4.6844679 5.2155524 5.0736928 4.9953385 3.7833697 3.8897434 5.5280402 5.9616669 3.6799921 4.7324512 4.9908117 3.7610429 5.5455032 5.0421618 3.8185874 5.0061476 7.2188564 5.5035221 4.6787426 6.1771701 6.1399553 5.2543786 3.5244024 4.4215846 6.4977894 5.9590763 5.4085954 3.8568711 4.5175865 4.8839145 4.1860298 4.4660420 5.5028263 4.1494933 4.3276780 1.3164069 4.4375997 5.7349834 4.6969389 4.5291631 5.3695983 3.9500333 5.9395590 5.2345329 4.9596025 4.9162862 3.7044772 4.3324078 
sp_Q9BUP3.2_HTAI2.HUMAN 3.5791271 5.0795341 0.0000000 6.0531088 4.7458768 2.9521101 4.0542997 5.0246752 3.8701643 3.8924091 3.8609521 4.7575939 5.8678377 3.5605837 3.7034000 4.1687016 4.4182281 3.4409877 4.0375101 5.8810333 5.3658134 3.5579427 3.3722668 4.8780749 3.2533907 3.4112303 4.7049133 4.1280235 4.2319118 4.7154402 4.0132098 2.6279571 3.8611285 4.7719466 4.0983476 5.0789166 4.2213111 4.6771367 5.1764557 5.8006654 3.6223981 5.7634968 4.0455200 3.4253566 2.8711629 4.4204446 3.8705525 4.5661456 3.4551344 3.4943112 5.0647429 5.2008638 3.5827232 4.2426570 5.0165899 4.5529653 3.9281666 4.5488065 5.4813747 4.4630348 3.5714138 3.8670685 3.2638388 5.0627984 4.3536329 5.1031247 4.8112136 4.3523222 4.7638109 4.9787867 4.8139751 4.2073251 3.3385402 4.0398966 5.0353423 3.8177730 3.4278662 3.5100586 3.7776920 4.7859085 4.7679871 4.0619762 3.0574235 3.4887411 4.4499820 2.7824020 3.9880790 3.6137178 4.7880478 4.7221741 4.3978299 5.4174373 4.2784120 3.9471479 3.4446616 3.7520305 4.3069765 3.9245511 3.8724933 3.8893027 4.6053525 3.7219575 4.7673117 3.6720231 4.3987698 3.5834835 3.4649850 6.1071581 4.4781493 3.7111636 3.9791081 3.5025662 4.9983127 4.0260849 2.4787351 7.4149865 4.5398630 4.9587215 4.7070563 4.2822402 3.3231632 4.2291377 3.9451646 4.9986447 4.8682962 4.4601345 3.9916117 5.0899981 4.1541032 3.8889835 6.7226640 4.1356509 3.0851077 3.1750878 3.3166503 3.6328929 4.1765181 3.3077538 4.4399922 2.6443287 4.9286705 4.0430524 3.6336863 4.9768575 3.4742963 3.3455774 4.2422065 3.3462403 6.2928885 3.3694262 3.6708771 4.2576513 3.9221018 3.7302930 4.2502440 5.9024111 3.7674066 4.4349512 3.6638179 4.0324568 4.1787753 4.2431737 3.6975266 2.7350763 4.6914960 4.0571776 3.4712130 3.7613716 3.4023248 3.9982085 4.2678046 4.6474728 3.0074059 4.0087201 3.8220259 4.6438437 3.1773723 4.1419961 5.0124437 5.1523005 4.1875248 3.5135128 3.3713508 5.9643541 3.8862144 4.6179671 4.7670864 3.8520044 5.5638823 3.5024674 4.8362285 4.1681671 3.6422879 4.2310823 3.6711427 4.4645942 4.8640892 3.7568698 4.0937133 4.2204842 2.6432086 3.6374635 5.1445159 3.0921007 4.9872500 4.2734933 5.3613835 3.3058517 4.6341633 3.5279876 4.4099188 3.6552098 
sp_Q5TEU4.1_NDUF5.HUMAN 5.9149953 7.5682824 6.0531088 0.0000000 6.7567641 3.9458106 5.6762457 5.0066291 4.6903978 5.5330476 5.6608629 7.2593905 7.2257551 4.0978152 6.1104111 8.1347363 5.7938081 5.2603412 6.6933027 5.3948585 3.2373140 5.8060293 8.0940960 8.0165667 6.6082639 8.1302981 5.0479783 5.3570784 5.2001546 7.6428335 8.1921717 4.8857155 5.6254862 5.5708702 5.6986788 5.1282092 8.7035741 6.1508478 8.9133978 8.9999984 6.7874132 6.6470491 7.3213706 6.1899824 5.3348329 6.5286030 7.4703713 8.1563052 6.8399855 5.8913935 7.2501627 5.2333042 6.5937619 4.8049189 7.1485574 8.9999989 5.1390239 8.5546706 6.7068570 8.3792437 5.4451519 5.0584184 7.8017926 7.2651889 7.3263225 5.4665281 6.8679934 8.9999982 3.7304868 6.7427165 8.9999985 8.2551190 3.6888389 7.1620383 7.0572094 7.2917188 4.2150772 7.5170471 6.8541268 5.1173097 6.9814701 5.8202247 6.7681163 8.9999987 5.3714298 4.0079406 5.7840133 5.9740677 8.6460954 5.6204819 6.3841144 3.0750380 4.1964071 7.1604637 7.3152228 6.9997680 5.8742303 7.0894696 5.7388594 5.1792680 7.6659365 4.6653897 8.9999987 5.4575506 6.5697892 7.1800783 8.0957204 5.6066601 8.2452510 8.9999990 5.3820234 8.9999987 4.8237384 6.2898696 3.9859445 9.0000000 4.4699772 7.3867309 6.4427198 8.0381263 8.9999987 5.9609561 7.1760433 6.9791257 7.2708036 8.9999982 7.2749696 8.9999986 5.1309283 6.1800415 8.9999989 7.4097208 6.1222405 4.3127443 6.0193703 7.1289708 4.9420568 8.0399792 5.8395052 6.0946340 4.5609418 5.3271023 8.9999988 7.8487852 6.3151763 6.2908915 7.3460369 6.6886567 8.4101168 6.6969089 5.9811754 4.0617594 6.3644156 6.4044678 6.9962012 6.9010059 5.1413360 5.3830440 8.9999990 7.6698208 5.6864620 6.5837929 9.0000000 3.8521644 8.9999986 6.8258597 5.2534612 7.1263531 4.1934172 8.3828760 3.9590037 8.1029234 5.6968387 7.8002999 5.3109697 8.9999988 4.0693944 6.9368035 6.7807779 4.9235996 8.9999985 4.7087084 6.8238474 7.1640746 8.4617892 7.2096881 3.8308950 5.8474506 6.3248398 5.4028183 5.0676852 4.1507816 8.9999988 5.2100735 5.5282157 8.9999988 8.9999988 5.9648200 4.0744446 6.8273843 4.1482787 5.5767443 7.2697305 5.0536970 6.5698001 8.3748285 6.6779421 6.5725159 7.0944110 4.5584099 8.9999984 5.7797963 
sp_A0PJE2.2_DHR12.HUMAN 4.6924433 4.3736535 4.7458768 6.7567641 0.0000000 2.5761072 3.9179058 4.5951253 4.3719235 4.2054846 4.4373614 3.1402810 4.9186731 3.0887436 3.3978010 3.2287306 5.7360745 3.1324775 4.1327139 4.4897081 3.4793471 3.0707213 4.0475128 4.3945990 4.5684327 4.0767779 5.7538361 2.0241259 4.2050788 4.7134108 3.1101635 2.9830870 3.1525575 4.5175206 3.9719285 5.2167538 3.2019591 5.0140418 4.3330010 4.6833483 4.6265266 4.3681265 2.3256682 4.2360668 4.1485791 4.8883925 4.3394206 4.7381744 2.9892707 2.8835163 5.6662811 4.3229683 3.3278318 5.5857027 5.8564042 3.0337794 3.9915370 5.1542850 4.9379945 5.1112795 3.1864965 4.5358163 3.6801294 4.1940388 2.5279049 4.3879387 4.0795034 4.4053440 3.3879785 4.4016518 5.0247158 5.0235242 3.3314140 4.0672341 5.6041516 5.3949820 3.6488356 5.5154714 3.5054443 4.5136812 5.9154015 4.4956181 2.0833020 5.7009619 2.0431513 2.3939300 4.7896321 3.7774678 3.0414407 4.3745214 4.0799672 4.0634316 3.0812699 4.0823339 5.7218061 5.0933363 4.1906963 2.1979111 4.2212599 2.6057588 4.4069121 4.0563089 6.1435992 4.4421361 3.7045959 2.8088914 2.9733038 4.6545724 2.9061482 2.6006470 4.3735440 3.0528703 4.2907498 4.2313093 2.8541788 5.6615193 5.0313452 3.5979927 4.7976140 3.2885163 3.2198653 4.1591948 4.1503822 5.4880713 3.7311804 5.4978606 4.2396280 5.3016020 3.9380018 4.2884716 6.8214034 4.3730010 3.3229253 3.9219733 3.1099660 3.9866914 3.7567037 2.7996538 5.0338225 4.0655764 3.4670838 3.2306948 4.1265442 4.4237150 2.9471549 4.0875472 3.3000105 5.6734772 5.3918281 1.5908970 5.5805176 4.1650578 4.1040035 3.5275996 3.9582322 5.9003915 3.9433575 6.4621312 3.2995222 2.9746920 3.8082309 4.5452360 3.4069197 2.6365423 4.4051327 7.2453988 3.9466144 2.4374465 3.4680960 3.3935561 5.7965686 4.6700373 2.7896386 4.0264163 4.6327892 5.1040893 4.7409874 2.7936879 4.7384377 5.7857304 4.6416890 3.7007248 1.5984235 4.0595345 4.3828180 5.2384193 4.4406467 4.1101124 4.5830175 4.5058668 5.9892133 2.5018065 2.7957390 4.7194307 5.1248486 4.4393029 2.8250919 4.8800941 4.0414998 4.8809886 2.5079848 1.7074505 4.0665116 2.8174305 5.4420729 4.8289323 4.4085457 3.6118732 4.0962587 5.5081661 4.4710762 4.7725720 
sp_Q99714.3_HCD2.HUMAN  3.5580490 4.5956234 2.9521101 3.9458106 2.5761072 0.0000000 3.1294822 2.7221335 3.9013966 3.0097881 3.5013061 2.5156420 4.1848962 3.0203296 3.2622342 3.1486666 3.0560950 2.1357411 3.7542333 4.1082206 4.2136765 1.9604285 3.3478156 3.3247371 2.8431806 2.8519248 3.4506260 3.1070129 3.7455813 3.0838336 2.6911611 2.4225655 3.2863990 2.7712905 3.1419147 3.8188429 2.4264682 2.9877864 3.8037843 5.2682764 3.0140375 3.1057160 2.3911328 3.1105123 3.2331184 3.5528575 3.9716081 3.1920481 2.5858556 2.8814745 3.8406500 2.6664618 2.1830891 3.6938186 4.3775907 2.9976572 3.4025566 3.9164950 3.7302005 3.8221094 2.8395552 3.2564980 3.3060594 3.5393313 2.5416584 3.9572432 3.4213464 3.4669068 3.4525689 5.2416507 5.2671884 3.0294057 2.5824233 4.3049968 3.9840333 3.3902137 3.1176848 3.6753331 3.6633391 3.3084388 3.9625593 2.4056899 2.7520156 3.3982599 3.3272993 1.5487109 3.7821026 3.0344849 2.8338731 2.7929982 3.4188007 4.1554526 3.0352851 4.2416325 4.0563858 3.5979587 3.2980032 2.5926466 4.1772270 2.4278413 3.5907097 3.0751828 4.9086434 2.7352364 3.4233266 2.2306582 2.5280197 5.1911110 2.8725017 2.6638750 3.0760097 2.7825526 3.8810086 4.0560540 1.7541934 5.4086865 2.7094082 3.2398092 4.2665587 2.4417402 2.5853958 2.9730160 3.3564161 3.7347697 4.1722034 3.2144389 3.6265622 4.1208047 4.1560065 2.9785422 5.3322956 2.8906299 2.0893158 3.5578786 2.2180051 3.2582305 3.2440673 2.9941551 2.9658882 3.5320160 3.1347187 2.3942990 2.9362096 4.2242806 2.1140766 3.1065961 2.4006930 3.4409507 4.4096322 2.7931035 4.0721981 3.1541215 3.5482050 3.2077528 2.9596433 4.3349907 2.4140782 3.1849144 2.8693636 2.7209630 2.9929751 3.3309197 3.0209935 2.3309952 3.4616423 4.5849443 3.1304904 2.3668927 3.3621156 2.4971298 5.7136363 3.5728753 2.0526888 3.6228480 2.5755735 3.7305018 2.4948563 3.2577027 4.4585476 3.9927755 4.0712826 3.4688480 2.6337471 3.6456320 2.5464724 4.0231405 3.1400473 3.1969826 3.8006238 3.2117386 3.6159958 2.0624575 2.9097849 3.6871108 3.3183570 3.1242595 2.8497326 3.7489992 3.1032781 3.6300190 1.8687175 2.7190694 4.2441526 1.7213128 3.7055386 3.7478249 3.8860385 3.2886850 3.2367902 3.3936303 3.9724972 3.1628773 
sp_O75306.2_NDUS2.HUMAN 6.2062118 5.8687441 4.0542997 5.6762457 3.9179058 3.1294822 0.0000000 4.8138945 5.0398468 4.3272888 4.2015250 4.5119016 4.5296511 4.3028539 4.8691572 4.0060384 6.5902520 3.1900458 4.9606770 4.6743279 5.0667099 4.0047876 4.0253886 5.1904426 4.1776914 5.7676308 4.8653029 4.2685548 4.8441050 6.0236512 4.1177073 3.9781178 3.9492758 5.5709278 5.6176108 6.0142944 4.5391426 5.0955218 4.9097119 6.8391559 4.6205129 5.0950172 4.5149351 4.4590450 4.2029032 4.2421203 5.8295119 5.2199648 3.5976599 3.7852991 5.2290800 4.8470157 4.1099458 5.1442486 6.8719970 4.6171351 5.6573644 5.2863376 4.9631604 5.3295878 4.2216109 5.1430138 4.3823894 5.2301388 3.9552264 4.4704521 4.4387382 6.0351263 4.7829083 4.9780611 7.1113685 5.7631078 4.2501359 3.5004122 5.1135147 5.6277854 4.3625418 4.5172750 4.7041345 4.9359109 5.5155064 4.9974602 3.4883780 5.7246932 4.7096397 3.3895314 4.8742474 4.8798422 5.2390055 5.7414234 3.2370638 6.5954743 3.6319912 3.7769540 5.3418683 5.0628055 4.8101827 3.8681989 4.9191738 3.0099335 5.3005940 4.6928099 6.9622467 5.4765585 5.1608220 3.7038357 3.9198518 5.0379557 3.8529556 3.6838084 4.9188733 4.0150391 6.1909336 5.8905646 4.1916759 6.8446928 6.9932961 5.1627009 5.8221137 4.7219892 3.9296148 5.4789373 5.3049355 5.2474093 5.2231312 4.8364813 5.6406028 6.1701895 5.5443762 4.0996483 8.9999980 5.1271797 4.6558620 4.6829903 3.6521122 5.0003955 4.4361050 3.4612850 5.2663260 6.1160837 4.3544965 4.2284680 4.7641156 5.6212824 3.4182381 4.8065140 4.9291405 5.0215009 7.9025537 3.2545643 4.5349508 6.8002619 4.9956829 4.8159533 3.9450000 6.8785857 4.6940175 5.2888922 3.4402116 4.1570733 4.6463875 4.6848804 4.8425523 3.1324546 4.9477654 5.2202046 5.3396574 3.3271676 4.4254773 5.4886025 4.5024366 5.2393938 2.9199764 3.6314418 5.6320231 5.3014704 6.9986456 4.2666613 5.0956447 5.5572365 5.7596604 4.0624941 3.5247634 4.6335091 5.1858717 5.0145622 5.1613399 5.1621485 4.6161769 3.8483106 5.7989160 2.9263857 3.9140246 5.0106681 5.1258874 5.4329948 3.5585799 6.3327457 5.8436761 5.8250510 3.1510771 3.2933405 5.1874826 3.5210732 4.0814433 5.5640602 5.3819701 4.1516896 5.2194582 6.3123897 6.0288952 5.4374076 
sp_Q13363.2_CTBP1.HUMAN 4.9851193 5.2384386 5.0246752 5.0066291 4.5951253 2.7221335 4.8138945 0.0000000 4.8250907 4.2596496 4.4949602 3.2871127 5.0881949 4.4104626 3.6046886 3.0089278 6.0717922 3.4380991 5.5587447 4.6830181 5.2351976 3.5730036 4.2566085 4.6101545 5.1475282 4.0211079 5.8903353 3.6565830 4.8068694 4.8484496 4.0487368 3.3233415 4.0686280 4.9660364 4.9482220 4.5261946 3.3519192 3.8040798 4.9545689 7.3194079 5.4554010 5.2141191 3.9129415 5.0344492 4.3876006 3.6861928 4.0275879 5.0887418 3.6757019 4.0947975 5.3673794 0.2459724 3.5331645 4.6570967 7.0141314 4.1731967 5.2524127 5.4650450 4.9642751 5.2438659 4.1087752 4.1091067 4.2066836 4.7012410 3.7791761 7.2766003 4.2927388 5.0277197 4.2499670 4.7725658 6.6545604 4.6962344 4.8949482 4.4620343 5.1738011 5.7132424 4.5246694 3.9184511 5.2253605 6.0425588 6.3322390 4.3406252 3.0059817 5.6344969 3.8507123 2.5678262 5.2127263 6.2458539 3.6809589 5.0257630 3.9808218 5.4413732 3.7570407 4.5300129 3.7307404 4.6883204 4.3029444 3.2055940 4.5994455 3.9542111 4.6530154 4.8224030 5.4755271 4.2906746 4.3825955 3.1799922 4.5596048 5.4277258 4.1423672 3.5747354 4.2487251 3.7355507 5.9608994 6.5096606 3.5118198 5.9514954 5.3081859 4.6694578 5.2687340 3.7095548 3.7710920 4.5579897 5.7424563 5.2248970 4.3352561 4.6108783 5.1890700 5.7995376 5.9204952 4.0873706 6.8840644 5.0643093 4.5541431 5.2176964 4.1132803 5.1103191 4.3552402 3.7722954 5.2284190 4.5382758 2.7125487 3.9406832 4.6904297 3.4936099 3.9101405 4.0069917 3.5082923 4.9163643 7.6522241 3.7079206 4.8453358 5.6298156 4.9672248 4.0528794 4.0076382 6.0216458 3.6527746 4.6471913 3.9063404 4.8313778 5.5010274 4.5176026 4.0796452 2.9950461 4.3880203 4.4329013 4.5013057 3.6383721 5.6763734 3.6106795 4.9427311 4.7607701 3.4297749 4.6154558 4.9658782 5.2284237 5.6806030 3.9985890 4.5271550 5.0990565 3.9598326 5.3599501 3.4462581 5.9978612 4.5688914 4.6909999 4.7367684 4.8159326 4.8001431 4.2693125 6.1370168 3.5326544 3.9047619 5.7462759 5.8459102 3.8308780 4.3563626 5.1775958 4.9187586 3.6920618 2.9883703 2.9727331 4.9876457 3.1257719 4.4636197 5.9749421 4.7942945 4.2043037 5.2251333 4.5489698 6.2449799 5.7901850 
sp_P56705.4_WNT4.HUMAN  5.0644416 4.3385617 3.8701643 4.6903978 4.3719235 3.9013966 5.0398468 4.8250907 0.0000000 3.5379929 4.6924829 3.4702148 6.2147761 4.4185561 3.5908573 3.9110294 4.9962863 3.7752476 4.5973755 6.7080187 3.2439650 3.1440565 3.5393873 4.5222509 5.8687985 2.8394274 6.0037162 3.8783379 5.3297813 4.7217470 3.7966558 4.6620967 4.4291112 4.2336467 3.9251892 4.5233052 5.2484685 4.1113721 5.3392419 4.4603818 3.8478895 5.2578040 3.8914328 4.2218381 3.9966206 4.6174682 4.9489296 4.7863724 4.8666659 3.7549232 4.4751895 4.7910137 4.7265915 4.6769192 4.9771009 4.4473655 4.8985857 3.3737923 4.2968236 3.3068303 3.7799704 4.2934928 3.7698287 3.9687932 4.0798870 4.4950603 4.2096031 4.4719364 3.4207051 5.6407003 4.3493872 5.1327171 4.4379500 4.2961369 4.4958871 4.5032872 4.9497330 4.5893353 5.0039384 4.5057709 3.6568502 3.8470031 4.0413037 4.5987316 3.8569178 4.1537566 4.8057116 5.6228557 3.3916528 4.5100627 4.5246712 3.6682321 3.6537961 3.7512824 4.2445928 4.6006008 5.6755114 3.3760941 3.1657291 3.5568107 4.6182966 4.1566544 4.9051335 4.9766298 4.4083186 4.0860371 5.1238670 7.4271314 3.5989686 3.9209058 5.6498423 5.6108435 6.9252331 4.7921454 4.2116316 6.4232171 4.5013344 4.7600754 5.2713726 4.2201991 4.6815217 4.0201021 4.8548885 4.3331777 3.7227523 6.0261448 4.4639040 3.3924247 4.8616746 4.4729996 5.4723060 4.4977308 3.5479394 3.6391157 4.3129725 4.1423275 4.0457654 4.1527841 4.5887664 3.6184890 4.5427482 4.9333769 4.4509843 4.3589144 3.9115867 3.0380964 4.6936558 4.9073406 4.9217371 4.0158986 4.4966804 3.6687592 5.1932477 3.3275758 4.4926498 4.6675794 4.3358362 4.5853709 3.7724772 4.3274384 3.6248714 5.7130083 4.5828019 3.6728442 4.1939707 4.3234130 4.7281108 4.1873641 3.8412570 3.4181406 5.8841151 4.2927656 3.8937141 3.9773037 4.4603332 3.4016419 4.7101428 3.8441288 4.5387828 4.1216802 4.9656574 4.4350493 4.1445089 5.9869176 4.9873973 4.2323029 4.1150240 4.6275950 6.3274619 4.1724156 4.2842538 3.6849013 5.0578016 4.9757840 3.8066700 5.1263471 4.4698068 5.4443797 3.9496245 4.7584247 3.3971592 3.4680527 3.7702743 3.9307440 4.7177861 3.6186030 5.2286962 3.8930302 3.7246187 4.4676329 3.0148649 4.0808063 
sp_P22695.3_QCR2.HUMAN  3.7119134 6.0422580 3.8924091 5.5330476 4.2054846 3.0097881 4.3272888 4.2596496 3.5379929 0.0000000 5.6676310 3.6939036 4.9253264 4.0478950 4.0967887 4.0420842 4.8894256 3.9778508 4.4283757 4.3955904 4.1850125 4.1244623 4.6304595 3.9908209 4.8760178 3.0731723 5.2421922 4.6695981 4.5982143 4.9079920 3.3792208 3.8207765 4.3908214 4.8109324 4.8101158 4.8634443 3.5894910 3.6652772 4.3146715 7.1434040 3.8582890 4.3983797 3.9466003 4.3516970 4.2896009 4.3189886 3.8891599 4.7720200 3.4636325 4.6181308 4.5505941 4.3298952 3.7041800 4.2597950 6.6061955 3.7900604 5.3625214 5.0285281 4.0693058 4.9518128 3.1972443 5.1601848 3.6706645 4.5974658 4.4918596 6.2360699 4.3992058 4.7851125 4.8131630 5.7144438 5.2032550 5.0468571 3.1830816 3.7439073 4.5883439 4.2830629 5.2735353 4.3201425 5.3499446 5.3400138 5.9357578 4.2577543 3.3600639 5.6058529 4.6198311 3.1481240 4.7930237 4.2619204 3.6979396 4.8378250 3.3452454 3.7734139 3.8957523 4.5652579 3.5620443 4.7339645 4.8796383 2.9350057 3.4705779 3.3859880 5.7925508 4.8793924 5.9059979 4.4088871 5.4319689 3.1238303 4.2993986 4.9015351 4.2465300 3.0713943 5.0336488 3.6674784 4.7602919 5.0488894 2.8998738 5.3935411 4.4464302 3.8775570 5.2147364 3.6773860 3.3551227 4.3901872 4.6211950 4.5118116 4.4038469 5.7352463 4.8359946 5.4680649 6.0713122 3.5577260 7.0589632 4.7499695 4.2806428 4.1924446 4.2092625 4.8099937 4.3411049 4.0429245 5.6549668 4.0859081 3.3528034 4.0791769 4.5284469 5.7446734 3.4731714 4.5048652 3.6903845 4.7969590 5.9925833 3.6571158 3.6062489 4.9266292 5.1635361 3.3806643 5.5945937 6.2149960 4.1470676 3.6492532 3.3731503 4.4900547 5.1774656 6.0494742 4.0489094 3.1404219 4.2736636 4.2480271 3.8948863 3.3052424 5.4229809 3.6823102 4.6619817 4.7966777 3.6885265 4.6109627 5.3479157 5.1085641 4.6573351 4.5982105 4.9287260 5.3906104 5.9180476 3.4178389 3.3753977 4.2819433 4.6407957 4.5478612 4.7238744 5.8517438 4.7039685 5.5475100 6.2562309 3.5359425 3.3362161 5.0682876 4.2798043 4.5812386 4.7176283 3.4617460 5.0955662 4.7210576 2.8947668 3.2630525 4.4486587 3.2000842 5.7630917 5.2399000 5.6685513 4.7616799 4.3418995 4.2631566 4.9895937 4.1751307 
sp_P21695.4_GPDA.HUMAN  5.3484528 6.2540969 3.8609521 5.6608629 4.4373614 3.5013061 4.2015250 4.4949602 4.6924829 5.6676310 0.0000000 3.1580450 4.6005257 4.3838797 3.8260059 3.6190500 4.5848898 3.5499771 5.1597686 4.6758436 5.2530204 4.6641884 4.1058534 4.1118734 4.4333680 3.5920949 5.5391098 4.5702560 6.3070432 3.9751550 3.7163572 4.0943197 4.8645712 4.9361422 4.1615609 5.7314073 3.1356659 4.5813536 4.6640021 7.1592127 4.7791687 4.7581011 3.8440938 4.6616085 4.4795731 4.1861199 4.6538315 3.6177318 3.6687828 4.3029691 5.6831225 4.7778614 3.7861700 4.3029090 7.9948071 3.6558809 4.4188290 4.4858027 4.7777252 4.5042631 3.6328650 4.9073102 4.0604352 5.2024717 3.5860576 3.9343347 4.1081816 4.0534884 5.6073346 4.1135708 8.1027982 3.7651163 3.1578660 4.3125430 5.4831384 5.7866845 5.4014740 4.0728067 3.9976501 4.1682635 4.5446784 4.0066784 4.2330213 4.3949504 5.0890414 3.6571365 4.3834231 3.8793320 2.7775682 5.2445432 3.0386953 5.3965403 3.7667246 4.0565283 4.3179701 3.7827094 4.8842964 3.7520280 6.5159389 4.0430163 5.6298455 3.8112996 5.8045541 3.8340179 5.2233689 3.6079039 3.9855686 5.0912335 3.5181344 3.6597135 5.3584057 3.8723848 6.0393178 3.4318129 2.8339767 6.0147488 5.6985223 3.9235361 4.0073860 3.2252778 3.7224045 4.4226076 5.4303235 5.4129769 4.5243943 4.3060845 4.3928978 5.4669772 5.2603154 3.4775418 7.8138629 3.4763409 3.8781304 4.7142883 4.7034299 4.2048215 5.0617203 3.6127962 5.4959698 5.1769356 5.9834031 3.0865426 4.5569227 5.5808147 2.7089157 4.1504838 3.5969132 5.7052811 6.9735911 3.7360376 3.9629318 5.2335816 4.4874461 3.9719305 3.9543210 6.9080412 4.4668308 3.9609960 4.0053004 5.2190417 5.0713715 4.6030299 3.6507373 3.7822948 4.7937356 4.5056871 3.9485032 3.8390436 4.8395722 3.8154424 4.8984708 3.7259362 3.3454767 3.9870369 4.5639888 4.3501266 5.0612746 3.8106552 3.8659969 3.6888445 6.0702050 4.5901824 3.7110292 5.1201962 3.5807167 5.3865327 4.5046727 4.5013441 4.4165293 0.3520527 5.0334908 4.2295748 4.1573930 4.4916035 5.9323021 4.5206870 3.3778381 6.0252589 3.9774822 6.1587911 3.1871368 3.3860080 5.0788469 3.3990697 4.8068030 4.5949878 4.3156290 3.7049352 4.8011774 5.8059765 4.6164190 6.0723064 
sp_Q9NYR8.1_RDH8.HUMAN  3.4272423 5.6764562 4.7575939 7.2593905 3.1402810 2.5156420 4.5119016 3.2871127 3.4702148 3.6939036 3.1580450 0.0000000 3.7931453 4.5196169 2.8791965 3.3503470 4.7733408 2.5871840 4.5910193 4.1682881 5.1983048 3.1509388 3.1160130 4.1125743 3.4673623 3.9379808 4.6458672 2.7111586 4.1529671 4.8674128 1.9918889 2.7159779 4.5849016 3.7943819 3.5982319 4.1359899 2.4757714 3.4120529 3.7497412 5.2221774 3.6513534 3.7528085 2.8947620 3.8647084 3.5819014 4.8277678 3.8657487 4.1180398 2.8595076 3.2838112 3.6008409 3.3160332 2.4761204 3.1911195 5.7823065 2.7432326 4.1614879 5.8773387 4.3121240 6.0628828 2.8915781 4.7832626 3.7510806 4.4718028 3.0555646 4.2252814 3.8898441 4.9768548 3.1667885 5.7110487 6.3546022 5.1935033 3.7663804 4.1791524 3.6488960 4.2867226 4.2710776 4.8924155 4.0051529 4.5960151 6.4579517 4.0767913 3.4053558 5.6677717 2.8469655 2.8635837 3.9735354 3.2278883 3.6882686 3.6794240 3.2223783 6.3554666 2.8877934 4.1502452 5.0321087 3.5932190 4.3155499 3.6309644 3.9514022 2.4050019 6.0977007 3.2430686 5.1788423 3.7008324 3.6796788 2.4927186 2.9212412 4.4947806 2.8592032 2.5984397 3.8113647 2.6830767 3.7942186 3.9047846 2.2508475 7.1765763 3.7134740 2.2987180 4.0347542 1.1122577 2.9257058 3.5984605 3.7281615 3.4109064 3.9901903 4.1129840 4.3443444 6.4149481 3.8270143 3.7641428 6.8064486 4.2243336 3.4935445 4.2891342 2.8260010 4.1246872 3.5026075 3.1000359 4.1369186 3.8811440 3.7038779 2.7326023 4.2682087 4.0546334 1.9821842 3.8499001 2.8609879 4.6181124 5.5012715 3.5683873 4.7811759 4.3082801 4.1478933 2.9712486 4.2791471 5.3735016 3.4763223 4.6089014 2.5384300 3.5119406 4.2488525 3.9419451 2.8397020 1.8586196 3.8607170 5.5954800 3.5113766 3.2096971 4.1115377 3.1166998 4.6916756 5.1695843 2.3382731 4.0773296 4.2697984 6.1315574 3.6968085 3.6067955 4.2920398 4.0714795 3.7738282 3.5995092 3.6693631 3.3981446 4.2166720 3.4729218 3.9109055 3.4297098 3.8282541 2.9605701 5.6012699 2.5183601 2.8419909 3.8252836 4.5743268 3.5411010 3.0212546 3.5354933 3.9365092 3.8648747 2.4710601 3.2180439 4.5219192 3.1177866 4.4412845 6.1635964 5.9523642 4.4734762 4.5662241 3.5037693 6.4927520 4.4252013 
sp_Q15119.2_PDK2.HUMAN  6.5680131 7.5302724 5.8678377 7.2257551 4.9186731 4.1848962 4.5296511 5.0881949 6.2147761 4.9253264 4.6005257 3.7931453 0.0000000 5.7271728 6.1311968 4.5528132 5.4818477 4.8131907 4.7555082 0.4315215 5.6878378 5.2400759 5.3714833 5.7202013 5.9141021 5.4298539 5.9228413 5.5266239 5.9052981 6.6622266 5.2052272 4.9924620 4.2344365 4.7360067 4.9126856 5.3510726 3.9411356 4.4753732 5.1448635 6.4997127 5.8766218 6.3096767 4.4167584 5.1524879 5.3739987 4.3495127 4.8150494 6.0109216 5.8715015 4.1793820 4.3829997 5.5619795 4.7671732 4.7582673 6.1704778 4.8914567 5.4556276 6.2267373 5.4735041 5.9429632 5.5110950 5.8551708 4.9540610 5.4762623 4.2827868 5.5901421 5.8626763 5.4372344 4.0792073 7.1765797 6.7477336 6.4519090 5.2659951 4.4445299 4.7885743 7.1623757 6.0437932 6.0449874 5.9602065 6.0052024 7.2290691 5.3078565 5.1920696 5.5625478 6.2059197 4.5196979 4.4862206 4.6639680 4.0277054 4.8685568 5.2375305 5.5915846 4.2998493 6.3368315 4.7362968 4.6815078 5.2100045 5.7903203 4.9387239 4.3130168 5.0533435 5.1253021 6.4874489 4.6906656 4.6618138 5.2555756 5.0486248 0.4447205 4.3437906 4.7130439 5.7279402 5.2263018 6.2273847 5.7066990 4.5262874 6.1048121 5.6169968 5.1381324 5.9175554 4.2528440 5.2127193 4.8887732 5.9281792 4.2149174 4.8939288 5.5947586 5.8198961 7.4116132 5.7605116 4.0004341 7.3671008 5.8073088 5.3704213 5.3950146 4.6130435 4.9132159 6.9395928 5.5259832 6.3831269 4.4589788 4.6441477 4.0719818 6.4902790 5.2844750 4.0386789 5.6547872 4.0591852 5.4736958 6.3213803 4.8216987 4.7058281 5.4165301 5.2073050 3.9159199 4.8827640 6.4403601 4.3192062 5.3516589 5.1292981 5.2763866 5.6183253 5.2357966 4.9709433 4.5793833 3.9108523 6.4922630 6.1558582 4.2239847 5.1657789 5.9168069 6.5027167 5.9970943 3.9632729 6.6233392 4.7256221 6.2777750 4.6979831 4.6282889 4.2207244 5.9693409 5.2473904 5.8594334 4.4813544 1.7653306 5.6609883 4.3022377 6.2114092 5.2109829 0.4898754 4.5693239 8.3200204 4.5727184 5.0390957 4.7172383 7.0095742 5.4792899 4.4705262 6.7906159 6.9499895 6.7539237 4.2533242 4.3480031 4.5430814 4.4249979 6.2355283 6.9109664 5.9139754 4.7537067 4.9276489 8.4539299 6.3884768 6.6747960 
sp_P16083.5_NQO2.HUMAN  5.2055999 3.9444517 3.5605837 4.0978152 3.0887436 3.0203296 4.3028539 4.4104626 4.4185561 4.0478950 4.3838797 4.5196169 5.7271728 0.0000000 3.7644307 4.2563358 3.7159984 3.0481982 5.9056729 5.3903803 4.4536137 4.2725325 4.0960151 4.7752062 3.3945824 3.5793210 4.2438746 5.0604535 5.0087393 3.1665291 4.1154275 3.5809098 3.6006424 4.3223885 4.7034688 3.8226333 3.3579100 4.0712927 4.1205179 6.2726428 4.5778948 4.3365075 4.4771252 5.4443972 4.8143326 3.3621602 3.7112703 3.0865177 4.0978979 4.1094643 3.8607381 4.2938959 3.2092050 3.7604683 4.6042191 4.0808565 4.6362556 4.9564176 4.1013563 4.6938842 4.2838771 4.6797846 3.6566137 3.0973031 4.8715043 4.8613137 4.0159350 4.3726589 4.4189911 4.4732442 5.2088164 3.3397238 3.4472938 3.5860365 3.4967711 5.3667611 3.9533020 3.4846440 4.6782658 3.7748214 5.7538798 3.8308258 3.7793452 5.3736432 4.3327925 2.9460269 3.3242288 4.7614245 3.1721049 4.3267890 3.0297211 5.3337209 4.2687936 4.5559626 3.1639032 3.3343744 4.2814769 3.8368453 3.3688108 4.6363612 4.0207714 4.0903349 4.3088333 3.9645886 4.2219547 4.0399771 3.3374041 5.3537347 4.0223002 4.5845101 4.5894052 4.4954431 6.1549426 4.0364197 3.3577842 7.2011212 4.4076087 4.7885677 3.6732647 3.6509862 4.5105777 3.7451581 5.2695088 3.6136693 3.7307916 3.9776575 3.8112969 5.7991279 4.7552026 3.0580233 5.1581549 2.6857651 3.2306287 0.9960077 3.3068912 4.1362117 4.9829350 3.6586138 4.8086085 4.7814031 4.0518637 3.8323229 4.1390040 5.9111165 3.4487299 3.9767257 3.8638449 4.7593669 4.6602137 3.6976194 4.4020930 3.6389829 4.2663447 3.1343148 3.7461213 4.9694391 5.2804643 4.4458323 4.2011456 3.4864684 3.9483078 4.1492376 5.0691671 4.0417716 3.9013815 3.2978793 5.4163395 2.7057020 4.7970338 3.1721597 4.3978991 4.2931103 3.1687208 3.8821271 4.1569106 4.7573132 3.6959057 3.0419967 4.7964855 3.2704962 5.5789150 4.1162882 3.9666115 4.5506596 3.0255270 3.6020980 2.9353413 3.9797048 5.2525826 3.7026033 4.2368530 3.1945822 3.9968871 3.3622018 4.9440351 5.4379487 4.7384410 5.0076311 3.9435012 3.4097419 3.4006013 3.2333608 3.5816124 3.7734905 4.6501004 4.8718165 3.9532502 3.7218032 3.5093855 3.7666991 5.1642677 5.1194696 
sp_Q8IXQ9.1_ETKMT.HUMAN 4.3912559 4.6615335 3.7034000 6.1104111 3.3978010 3.2622342 4.8691572 3.6046886 3.5908573 4.0967887 3.8260059 2.8791965 6.1311968 3.7644307 0.0000000 2.8420725 5.0392939 3.6653903 4.9112212 6.4248772 4.1292149 3.0052323 3.3926659 3.8740181 3.6236243 3.1774599 5.9578817 3.9904642 5.0397775 3.7496063 2.7136849 2.6186804 3.8711011 3.4877157 4.0942934 4.2527750 2.9486049 4.1198034 4.2782336 6.0979135 2.4487770 4.2725482 3.7435367 3.7030477 3.5733437 3.5551961 5.2118656 4.1828268 3.1237342 3.1915802 5.4618303 3.4877772 3.3840303 4.7321464 4.8954759 4.0027919 3.6665836 4.8475680 4.6045516 4.6998551 2.8479233 4.8936317 4.2974941 4.1349429 3.3918069 4.2922936 5.1475943 4.8656501 4.1837153 6.1173413 4.7611127 3.8530531 3.2033840 3.8771163 5.3312237 3.1683259 4.4714695 2.5583082 4.1540905 5.1476764 4.4255901 2.9943312 2.9958418 6.7942611 3.9070180 2.9899515 4.9907034 4.1622893 4.2521922 3.5799897 3.7102179 5.0325485 3.2008690 3.9641091 3.6436810 5.1207383 4.3218711 3.9630650 3.1010539 2.8008336 3.4795974 3.9863303 5.0863697 4.0244442 4.2198637 4.0328028 3.2675509 6.7246386 3.3159067 3.1800662 6.1181478 3.4942690 3.8266283 3.7728850 2.7219548 5.7086603 3.5272734 3.5687604 5.4138712 3.2042762 3.5444303 3.8281790 4.2472219 5.2991653 4.2779599 4.5708177 3.3690167 4.7500555 3.8783602 3.3117484 5.9147544 4.0114674 2.8693686 4.3050671 3.5309372 4.0636217 3.0413679 2.7903794 4.9441108 4.5600331 3.2310600 3.0430656 3.4311451 5.1638331 3.4550097 3.8671149 4.1960796 4.8150166 4.8242832 3.0837552 4.5824074 4.1542691 4.7493217 4.5489739 4.1184336 5.2921899 3.0941395 4.3767207 3.4996961 4.5262621 4.3516982 6.0741298 3.7516572 2.6720852 4.0773329 3.1551370 3.4340291 3.7195101 4.1930693 3.6748480 3.8529153 3.6059638 3.3141279 3.6969732 5.5571195 4.5990223 4.7977808 2.9133920 4.8066276 3.9482151 3.6134499 3.8931685 3.5163152 4.7195998 3.9010266 5.7230017 4.3819244 3.9755642 6.4668649 3.1497895 4.9642473 2.9047310 3.4734528 5.5844069 3.6225953 3.8487494 4.0038561 4.2056951 4.6142450 3.4458754 2.3824128 3.3311745 4.6083987 2.8513654 3.6782115 4.9647155 5.2253277 2.6653146 3.4031774 3.9814397 5.3104846 3.5950841 
sp_Q96LJ7.1_DHRS1.HUMAN 4.3339219 4.5567552 4.1687016 8.1347363 3.2287306 3.1486666 4.0060384 3.0089278 3.9110294 4.0420842 3.6190500 3.3503470 4.5528132 4.2563358 2.8420725 0.0000000 5.7803330 2.2826509 5.6534044 3.8750133 5.6349945 2.9953825 3.3009074 4.8837591 3.6282021 6.1436058 5.6841796 2.5448122 3.8496258 4.8378848 3.4050466 2.7925725 4.8393226 4.7797123 3.6339121 3.6396717 2.9431146 4.2224624 3.7672420 4.8651000 4.8580110 3.3534941 2.8327432 3.5627574 4.4443323 3.8977968 3.5178223 4.6358340 3.8387977 3.7563438 5.6628078 3.3007749 2.4352632 4.3688960 5.6662265 3.5193132 4.0472691 5.3590101 3.7460068 5.0880128 2.7854676 4.7929833 4.1811862 4.9739820 2.9374062 4.7612915 4.6137975 4.7731681 4.0509968 4.7820724 6.0321248 4.9726407 3.6262022 3.4652919 5.5134237 3.9243679 4.1776986 5.9546208 4.2686534 4.4790685 6.4781126 3.1218481 3.0394017 4.6931553 2.7450838 2.0904662 4.5087837 3.4759449 3.5615181 4.9506734 4.0806350 5.8091887 3.7684464 4.5366461 5.5927479 4.1269374 4.9023175 3.4595656 3.8983878 2.3811210 5.6465321 3.3816459 6.7512907 3.3434796 3.5033405 3.1744729 3.7447893 4.1865937 3.1879433 3.9494166 3.8004348 4.0294895 4.4739597 3.2285940 2.5253066 6.3068740 5.4690895 3.9286275 4.3419301 3.6098139 4.4636254 3.9919092 4.2421950 5.3929800 4.8938787 4.1904135 4.4156292 5.5978014 4.3094414 4.2999786 5.5354792 4.4197214 3.5355339 3.9815465 2.6820730 4.6911224 3.4098775 3.2904725 4.5407688 4.4579053 3.2691982 2.4379942 3.9616226 4.5681801 2.2608488 4.6186355 3.4640195 3.1958702 5.3275852 2.7995217 4.5739910 3.8031823 4.9748562 3.0195625 4.0463158 6.5099312 3.9210105 5.0670290 3.6009700 3.8058854 4.7691241 4.8037692 2.7152131 2.6184603 3.8520518 6.4599014 4.6116945 2.9768689 5.1928959 5.3249524 4.3814344 4.3758652 2.2399520 4.0807280 4.0442905 4.9977887 5.4194997 2.5456241 5.6959193 5.6756427 4.5475908 3.3776327 3.1127084 4.0729602 4.3582639 5.3258188 5.0189385 4.2291679 4.0427052 3.7467690 4.7865302 2.5062613 4.2712740 4.6477904 3.7891395 3.9877551 2.9416796 4.3743743 4.7304439 3.8629577 1.9207638 3.1013709 4.3647401 2.2438132 4.0401074 5.0442762 4.1832617 4.4542318 4.9705887 4.5554206 5.0569908 3.5309542 
sp_P14550.3_AK1A1.HUMAN 5.6785477 5.6228673 4.4182281 5.7938081 5.7360745 3.0560950 6.5902520 6.0717922 4.9962863 4.8894256 4.5848898 4.7733408 5.4818477 3.7159984 5.0392939 5.7803330 0.0000000 3.4025143 5.8685139 5.4719074 4.4941279 4.8521774 4.2266469 5.0320370 4.8799209 4.2381347 7.2467910 4.7627817 4.9938321 4.6429054 4.5304537 5.0158918 5.4943075 6.1202673 5.3526953 5.4132240 5.2069385 6.1074934 4.9535573 7.9633698 4.6986900 4.2879580 6.6730636 5.9071566 4.6099383 3.6638015 5.7899598 4.9952120 4.8773816 4.0661536 1.1549319 5.7120659 4.1360173 1.1173157 5.1653531 4.4471377 4.8394978 4.9802505 8.6243530 4.8119956 5.7523818 5.1366486 4.3284494 5.8405788 4.9314541 5.8441983 5.5526912 5.8807658 5.1122120 6.0356871 6.7086339 5.1578160 4.3631996 3.5343802 1.1697198 5.9860303 4.8617042 4.2723692 5.8064131 5.3397626 5.3183623 4.9802504 4.0376733 7.2250875 4.6402251 3.5939963 0.9504403 4.3598498 3.7224035 6.2584634 4.4626859 5.3810734 5.1973583 5.5472111 4.5641677 0.9065005 4.5959301 4.2789210 5.2176159 3.4576533 6.7267520 3.8352875 5.5036639 5.1037079 5.1793569 4.4623636 4.0746904 5.9878409 4.6064171 4.2496449 5.5577667 4.1517730 6.4701850 5.5147285 4.5065860 7.6361057 6.5304497 4.5753971 1.1683827 4.5328794 4.4460911 4.9467653 6.3724441 1.1537380 4.8501811 6.2035535 5.0665934 5.5813989 5.6196567 4.3558566 5.3331737 4.9124306 3.4026485 3.1549803 4.1691207 5.1946050 4.6454610 5.0160733 6.4079093 6.1651848 5.0829478 4.6138284 6.7725390 5.8041969 3.4678340 4.5388503 4.7869968 6.4831946 5.0590725 4.0224279 4.8885952 5.2374172 4.7559753 3.9829843 5.4633363 5.9600580 3.1042390 4.7861349 4.1267980 5.0196409 6.6791806 6.8361451 3.9941009 4.0368478 5.8248325 4.9980532 4.6760883 4.5850848 4.3630468 4.3599210 5.4071506 6.0863975 3.4444994 4.3916255 5.7250135 5.1420269 6.3661035 3.9122035 4.5035238 4.5860183 4.6560032 4.5737372 4.1731738 5.8944805 4.8039364 1.2337210 4.5175981 5.0527194 5.6394484 4.4613724 6.2498640 4.7080607 4.6966494 1.0304315 6.0019311 5.0085288 5.8514710 6.3746538 4.2676783 4.9880196 3.5783273 3.7270712 4.7916088 3.6584024 5.0442072 5.6779292 5.2675949 4.1430965 5.4951940 7.3904101 5.5884943 6.0293801 
sp_Q13268.4_DHRS2.HUMAN 3.3255771 3.4516057 3.4409877 5.2603412 3.1324775 2.1357411 3.1900458 3.4380991 3.7752476 3.9778508 3.5499771 2.5871840 4.8131907 3.0481982 3.6653903 2.2826509 3.4025143 0.0000000 3.4634492 4.2975907 2.8133076 2.2203260 3.1137374 3.0806248 3.5103919 2.6739580 3.5463350 1.8408784 3.8039130 3.2878860 2.5800448 1.8462438 3.2457568 2.5968699 2.9037404 3.7573318 2.1780518 3.2085987 3.1181116 3.9904700 3.3225289 3.3776218 2.5855034 3.1600849 3.6314057 3.2457790 2.9965413 3.1095514 3.2734982 3.4667351 3.5540461 3.4119832 2.5945722 3.6909022 3.7535507 3.1211888 3.0985272 4.1775119 3.7042077 4.1142147 2.5443357 3.8696535 2.8192107 3.3302202 2.6159101 4.4672485 3.7045438 3.5500904 3.6427546 4.6956082 4.5503277 3.3236814 3.1914649 3.5735263 3.5083353 2.9987650 3.2237612 4.0640719 2.9539034 3.7298368 4.2480603 2.6044407 3.1071479 3.6621162 2.0726394 1.5063844 3.4361681 2.8348589 3.2077073 2.5958616 3.4730993 3.7805158 2.7664843 3.6735082 3.6714828 3.3198107 3.6013518 2.5543953 3.6880446 2.3032943 2.9432102 2.4597599 4.7703137 3.6562391 3.2184939 2.4085486 3.3206225 5.0785906 2.9150034 3.1600618 3.9254142 3.2643707 3.5255373 3.9546739 1.8612001 6.1098393 3.3098220 2.7876744 3.3696336 2.5621441 3.4013099 3.1187773 3.8213587 3.4325191 3.2713243 3.4265530 3.5787724 4.3513273 3.4028970 3.6004014 5.7359991 2.8635284 2.6988994 3.1783242 0.7685964 4.1984825 4.4477452 3.1369144 3.4253506 2.7471994 2.5735922 2.2209589 3.1594181 3.7363318 0.6463166 3.0261633 2.4391594 3.7441947 4.1224892 3.4148845 3.3975369 3.0505709 3.8452543 2.9905938 3.2620514 4.2425286 2.9416460 3.8141779 3.0141753 2.7393871 3.6237257 4.0223697 2.3474633 2.2962058 3.8976947 4.5798187 3.2623464 1.9941346 3.6979960 2.5099331 4.1791631 3.4548044 0.5312870 3.2741982 2.8827379 4.1657713 3.5409113 2.5050246 3.7107774 3.3233828 3.0697082 4.0528868 3.0745661 3.3641941 2.8774244 3.4575511 3.9720287 2.8495466 3.8249559 3.6479236 3.6547666 1.8291280 3.3298734 3.3416946 3.4685581 2.8608395 3.1380990 3.4975320 3.3242969 3.6199418 1.7114597 2.6904741 3.4825244 2.1406462 2.8104882 4.2623065 4.2533454 4.5181362 3.2601324 4.2426052 4.2534277 3.3204888 
