172
sp_Q8WU03.1_GLYL2.HUMAN     0.0000000 8.9999985 6.8951627 5.4996504 8.9999984 8.9999983 5.8745229 8.9999987 7.9024453 5.5343397 6.1292330 7.7355130 8.9999988 7.4565765 4.6198799 4.4664445 8.9999981 6.5847599 5.4563624 8.9999987 8.9999984 6.6634221 5.6225268 4.6208421 8.9999985 5.2250175 8.9999985 5.9665227 8.9999989 5.4448017 8.8900254 6.7705963 8.9999988 5.6762353 7.8335974 8.9999987 6.3440864 7.1051369 5.0579688 5.9885295 7.4678797 7.5862398 6.7843579 8.5352189 8.9999985 8.9999988 5.3236495 5.5935595 8.5200627 3.4517487 4.9452331 8.7046624 7.3306219 7.8804837 1.2143463 4.1982963 7.2313788 7.6391936 9.0000000 8.9999989 8.0741570 6.8553790 6.0838327 7.5323191 8.2505407 8.7092452 4.4861564 5.2606986 8.9999984 7.7856260 8.9999984 5.7563258 3.4137674 4.9240347 6.8397502 5.8842829 7.9191775 6.7356987 7.2787353 6.9488098 6.0806948 5.8041419 8.9999989 4.5075211 5.3152416 7.4411917 5.5358647 8.9999984 7.0441992 7.4771818 6.7458749 5.8355216 7.9618037 6.8011231 6.8011231 1.4953415 6.8959000 6.1289979 6.7118132 4.9988287 7.8623357 4.7332451 7.6534196 7.1874555 6.8378712 8.9999990 8.9999982 5.0800492 6.9214378 5.2930794 6.1728656 8.9999990 7.8107836 5.9797850 8.9999989 8.9999989 8.9999987 7.4779187 6.9808231 6.3835635 8.9999986 5.0955076 7.0490357 3.9879182 8.9999982 8.9999986 4.3084123 8.9999986 7.0352233 8.9999989 6.6956596 6.7701323 6.0248439 7.8883130 5.3249322 4.6549180 3.9797202 8.0784003 7.7774276 4.1674663 8.9999982 5.4679088 8.6160330 5.5859000 7.4846390 4.3362411 4.3466655 8.9999989 5.9188049 7.1690112 6.2408632 8.1019924 7.1161325 8.9999987 5.4652331 7.1762525 8.9369641 7.6374561 5.6192969 6.9414645 4.1992491 5.0318685 8.9999982 0.9693805 8.9999983 7.5064217 6.0569385 0.9031167 5.0047312 5.3945398 5.6363065 7.1361904 
sp_P10515.3_ODP2.HUMAN      8.9999985 0.0000000 5.3797315 6.7217753 5.8793309 4.5756484 5.9054063 5.1290231 5.0891686 5.2309148 5.9925524 7.5285935 6.3559111 6.2741657 6.1392386 5.8069865 6.2287695 7.0775979 4.6651699 5.7966990 6.1580965 5.1145993 6.1034178 5.4993272 3.6907792 5.9729465 6.5402941 6.7238568 6.0188503 4.7739794 5.1124984 5.8471645 5.1105539 7.7097580 6.6953057 7.0522350 6.4820440 5.6514347 6.7009130 5.5155322 6.4428427 5.9090491 5.3744142 5.6787409 5.6327091 5.3441472 6.7868437 5.8796501 6.9969510 4.4871718 6.2742969 5.5589219 5.0080019 6.0371779 6.3751273 4.5714018 6.8467924 3.9895355 7.1050128 6.7564570 6.2364683 7.3422911 7.0344948 5.8156028 8.4899936 6.7289869 4.9911735 6.9602481 4.9023416 6.5653586 5.6446100 4.6836017 6.9446936 5.2725315 5.8060062 3.9589928 8.9813658 5.8735258 5.9182609 6.9476344 6.3334169 7.0248483 5.1798310 5.3842377 6.8217228 6.0337156 5.6471371 5.9163359 7.4367658 4.9262926 5.4948226 4.9385322 6.4133097 6.2415906 6.5268090 6.4407154 6.1840816 5.8454264 7.3738164 5.8970808 6.6102768 5.5662831 6.8742830 6.9292554 6.4425936 5.4162036 7.0487850 5.0799349 5.6559778 5.5715323 5.3090406 6.1275200 5.5465925 7.0235408 6.0105649 6.3563233 6.7512156 7.2257426 5.7500667 6.1807281 5.8338461 5.9219311 6.7414106 5.7587462 5.6841496 2.9494833 6.3391727 5.1795093 5.0687494 6.1242567 6.7188337 6.4329565 6.4049942 5.7855185 6.2297949 6.3223511 6.4791778 6.3917227 5.7719203 4.1217367 6.1131415 5.0399475 6.2633784 6.4199536 6.4669199 5.2838382 5.4023621 6.8710547 4.6653924 7.1842624 7.6941468 5.5603316 6.4258733 7.7719213 6.2118072 5.3978060 6.3708110 4.2333446 7.3601992 5.6637944 5.9482284 5.7566557 7.9166996 8.0676909 7.2338257 6.4144582 6.1285647 6.9184084 5.4109149 5.8260915 5.6369417 5.2321705 
sp_Q14032.1_BAAT.HUMAN      6.8951627 5.3797315 0.0000000 7.3112780 7.6226275 5.1737435 5.9624135 5.8163425 5.2594442 5.9356204 5.6758715 5.3532167 6.1496137 6.0828906 5.4366337 6.1931151 8.2476191 5.5655521 5.3710305 7.3789713 6.7035660 5.2524994 6.4585165 5.9037542 5.4907644 6.2332426 6.1095333 4.7926168 5.9970373 5.8079736 6.0371263 5.8192931 3.7447475 5.9632777 6.2778050 7.6761262 5.8801480 4.9429020 5.1257899 6.3562820 5.1535493 6.0794058 5.6698751 5.6716282 5.0950562 5.6188610 5.6299132 5.0269764 5.8137354 5.4745986 6.4464280 5.4350398 8.4827444 5.7999736 4.7329774 6.3493590 5.6770866 4.9559934 6.1547066 6.7887336 6.4747538 6.5632379 6.4220387 5.9417414 6.0132887 5.1900134 5.7828922 6.7991561 6.2280414 5.8271568 7.5632584 4.6136879 7.5496170 6.3264483 6.1007608 4.1837875 8.5028984 5.0017484 6.4726659 8.7144299 4.8757345 5.6365468 5.6110488 6.0888349 4.1409247 6.2942255 5.3102320 7.0351540 6.4160758 5.8087061 7.7293977 6.0066408 5.5606392 6.1445623 6.0651694 5.6576138 7.1463992 5.5661936 7.7081045 6.5113685 6.0271073 5.6286888 5.8483091 5.4113642 4.5311297 6.4930536 7.6060554 5.4506173 6.2091570 4.9066813 6.4362618 4.3953341 4.2484871 5.7061345 5.9585215 5.9417133 7.8860976 6.8626531 7.0857918 5.3232442 4.3941739 8.9999988 5.5945986 6.5521404 5.7927479 4.6387843 5.3913725 5.9713532 5.2373984 6.6058689 6.0577186 5.3759489 5.8368429 5.8337325 7.0879275 7.2098647 6.7849085 5.0399709 7.0378489 4.9786183 7.1947679 6.8441821 6.2053214 5.8905983 5.9802766 5.7358087 5.7579454 7.0341409 5.9326701 6.8379069 6.4721732 6.2195695 6.0917457 7.0209845 6.3986543 4.5603367 6.2145477 4.8326204 6.6868361 5.8786142 6.2281956 6.1054362 6.6910135 6.1995312 7.5342720 5.1318866 7.1321915 5.8705190 5.8231524 5.7880603 5.8572361 6.3144607 
sp_P25445.1_TNR6.HUMAN      5.4996504 6.7217753 7.3112780 0.0000000 6.6771558 5.6990662 5.3660087 6.3102286 5.8026232 4.9535797 7.2585926 6.2192475 8.9999983 8.9999989 7.4536300 5.3843653 7.2226315 6.4123269 5.2544341 6.2776383 8.9999989 7.6432588 5.9241912 4.7922290 6.0667391 5.1999187 8.9999985 6.2312725 6.0418244 6.2106842 7.1720521 5.1756015 7.0807240 7.3130320 6.2139343 6.2391991 5.4275486 6.0677692 5.7982839 4.8914995 5.9583546 5.0292962 6.8709980 4.7186344 8.0532370 5.1854318 6.5288009 4.8296736 8.9999987 4.6490449 7.1247855 6.0126751 5.7528933 5.9805152 5.0863348 6.3769011 8.5780541 6.6882640 8.9999989 8.9999989 6.1969315 7.3062147 7.1557517 8.9344861 6.5246888 5.3409059 6.4018938 6.9267384 6.9374470 6.3098878 6.0939700 8.2968034 6.3523705 6.7875982 5.9459045 4.7568234 8.9999987 5.3123268 6.4878820 4.9905583 8.9999988 5.4059375 5.0559530 5.1084671 6.7572749 6.0611479 4.3415013 8.1512570 8.0197023 6.5126971 7.5757904 8.9999986 6.0476161 5.3398911 5.3256945 4.0410315 5.0229652 7.6543833 7.3466375 8.4289122 6.3209664 7.7651354 7.5913638 8.6019019 6.1376338 6.9287102 8.9999987 8.7355620 6.0989223 6.4997910 8.6518380 7.2218541 5.4289747 6.9222086 6.4093725 8.9999989 6.5618601 8.9999986 5.9018688 7.2791818 7.5449283 7.8277689 5.7015553 5.8495826 8.9999983 5.9911870 5.2857372 6.7089749 6.1356954 7.7563197 6.2142476 5.3953299 6.0014222 6.5108576 6.4086257 5.4295150 6.0916724 4.9368742 6.4388632 5.0461220 6.7228287 6.8824890 4.9098044 5.8927954 4.9424875 5.7050142 5.7444265 5.7327919 6.8256963 6.1936250 5.9995954 6.8162115 6.8293193 7.0832095 6.4012144 5.0185648 6.5979815 4.2914519 6.4028100 5.1042714 5.9973198 6.6095084 8.9999984 5.0478665 8.9999988 9.0000000 6.9666192 5.4172608 3.8035808 7.9908220 7.0008218 7.0974470 
sp_P21980.2_TGM2.HUMAN      8.9999984 5.8793309 7.6226275 6.6771558 0.0000000 6.8095259 5.9116234 8.0645356 7.0196367 6.6379306 5.3387290 6.3195131 6.2511624 8.8758668 7.1600500 8.9999988 6.2445304 5.4363256 7.2044730 6.3201472 6.7118765 5.1548740 6.5672632 5.7756285 6.2577585 6.8474852 6.3575254 6.3042788 6.5713724 6.8453181 5.2543265 6.5948988 5.6578917 5.9484603 6.0243686 7.2569139 8.9999984 7.8085312 8.3297385 6.7755520 6.2034047 6.2345764 7.6775515 5.0547119 4.8840405 6.5080504 8.3080002 6.9287775 5.0764701 5.4079326 5.7941074 6.5897083 5.5108401 6.1479950 7.8026076 5.2769286 5.6531860 6.6077994 5.3440552 6.0214274 8.0807288 7.6997220 6.8827386 5.2751280 6.9672745 8.9898621 7.1385989 7.6685948 8.9999988 6.1197066 6.1352151 6.0509071 7.3908581 6.7400186 6.5467853 6.4009939 6.0846976 6.4165189 1.5657199 6.9886166 6.8472211 5.9889619 5.4589360 7.7710602 7.4642846 7.9387195 5.9990124 7.1888906 6.9749733 4.9621944 5.1377792 5.6207065 5.4943382 4.7485831 5.1078307 8.9999983 7.4059252 6.9780892 7.1884796 5.5313991 5.0124775 4.3709251 7.4808778 5.9374544 5.5768263 8.9999981 6.3647742 6.6927714 5.9663021 5.6777749 5.8121477 4.6067475 7.1280102 6.2323639 6.2845870 5.9201720 7.7819610 5.9900084 7.4295388 7.9821225 6.7735108 8.9999988 7.1095492 7.5350392 7.5930044 7.1407557 5.6864281 7.6121566 6.9085471 1.3730093 7.3587231 6.5861245 7.5542829 4.7381761 5.7649741 5.7985700 7.5582428 6.6496064 5.2488797 4.8325690 6.5780447 6.8327865 4.9805454 6.0124294 6.0904736 6.0336635 6.1362140 1.4681827 8.9999988 6.1753463 8.5932843 6.2777725 6.3260900 5.5573540 6.7935772 8.5166530 1.8784316 6.0867087 7.4871310 5.4772512 6.2236500 7.1658808 8.7680921 6.5310799 8.9999981 6.0432371 8.3438474 6.9845327 6.0242993 8.9081032 7.0796656 6.0834940 
sp_Q8ND83.3_SLAI1.HUMAN     8.9999983 4.5756484 5.1737435 5.6990662 6.8095259 0.0000000 6.3501373 5.1609579 4.7396053 4.1506605 5.5759095 6.5291047 7.4191444 5.6098877 7.2611204 5.1305694 5.1716837 6.2368492 6.6582429 6.1622862 6.0857418 5.5451956 5.9990847 4.2497447 6.5102761 6.0337154 5.6433617 5.3975119 5.1814549 5.2988338 5.5224710 4.3137561 5.5608514 5.7263976 5.3491184 4.9498500 6.2042498 4.0436373 6.3888321 4.9460536 5.9655682 5.6627981 5.4672367 4.3872083 4.8722780 5.9607259 6.5935900 4.9029343 3.9835209 4.0954439 5.3588651 5.9800209 4.4356237 6.0650543 5.5168101 3.4967482 4.5082156 3.5542038 5.5296179 4.7768330 5.5168145 6.0367390 7.1479143 4.1993470 6.3077601 3.9981818 4.9663016 5.5397715 6.9270332 6.1139304 6.1008102 5.6743406 5.0096238 4.4739874 5.4128532 5.5720948 7.7762498 5.5487405 6.4188642 5.1506005 4.5943379 5.5671868 4.6416658 6.7775221 4.7540776 6.0135114 4.2511156 4.6457420 6.5745241 4.4823211 5.9405877 5.2149829 5.0401787 4.8507877 5.1449658 7.2052491 7.3722496 4.6424141 5.9069975 6.1900988 5.1441157 4.7867266 6.1627880 5.3734495 5.1200984 7.2534052 5.5248620 5.2740392 5.0063750 5.2624680 5.3575168 4.8323275 4.0485673 7.5978325 6.1053743 7.3066405 5.3567891 6.4474312 6.3398521 5.4160925 5.8608730 5.0565078 5.3550237 5.7248541 5.5462163 4.4851780 6.1697917 4.5437706 4.4803616 7.1793423 5.0228257 5.6172028 4.1833436 5.8549054 5.3871130 5.2359782 6.3170700 5.1178410 6.3649115 4.0635013 5.0278881 4.4729290 5.2219323 5.8621967 5.8798637 5.0944333 5.0646286 6.0443530 4.7350452 6.5550826 6.2144495 5.1031056 6.9898739 5.8763043 6.3165868 4.1803596 6.4928575 4.5962235 5.3018737 5.9113303 5.6679140 6.4992931 6.3031205 7.2794689 6.9896954 4.5187995 6.3201661 6.5423945 4.7286252 7.0297374 5.5897224 5.5090652 
sp_Q96PD7.2_DGAT2.HUMAN     5.8745229 5.9054063 5.9624135 5.3660087 5.9116234 6.3501373 0.0000000 7.0459313 4.6654605 5.8639551 5.4375178 5.7077774 7.7288206 4.7725018 5.9315648 5.8059804 5.9887935 6.1346847 4.4188637 6.3460099 8.7325407 4.2016355 5.0862920 5.3758226 5.4235650 6.9238820 6.0451425 5.2885584 7.5952095 5.9641682 5.1606756 5.9792626 6.1081825 5.4720882 6.5741652 6.7089405 5.0495947 6.2736371 5.7075678 6.8140439 5.8015406 6.3324246 5.9291355 4.5121400 5.3139765 1.1056154 6.4458241 6.6878607 5.7658819 4.2474767 4.7369142 0.9992760 4.7261423 0.9652721 4.5366752 7.1858897 5.0331384 4.5444103 7.6137617 6.5424400 8.1188901 4.8980365 4.9453341 5.3751804 5.2126941 5.3027555 4.7810826 5.0040087 8.9999990 6.6031150 6.1214387 6.8497574 4.7328734 4.5946080 5.4388756 4.0086775 6.7601939 5.4997374 6.9846439 4.4214153 6.7792781 5.6230726 4.9032858 5.4541857 5.4925963 5.1402650 4.7771993 6.0149196 5.2886753 5.5964244 5.2424765 5.1758426 0.9078170 6.9162959 7.0288669 6.2006851 6.8065866 6.3635914 5.6352777 5.6146230 0.9486860 4.6308603 5.9188770 4.6736962 6.2136289 8.9999980 8.0791491 5.3984826 7.1352133 4.9963529 5.8053604 6.4568723 6.2597404 5.8058911 6.0988035 8.0095080 6.0689283 6.2816618 4.6354676 5.7109417 6.6790933 6.4613094 6.3418103 5.0037371 5.3422029 5.2332557 7.1253614 7.0653381 4.7039476 7.8415630 4.5476583 5.6823994 6.6838545 5.7484666 4.5040071 6.6189591 5.4249828 4.2596314 5.0059200 4.5496454 6.8151329 5.7062296 4.8179330 6.4591905 6.0731636 6.8626545 6.6906466 6.7333901 6.6100555 6.8300600 7.3136483 5.0561583 6.2361545 5.7717590 4.6181363 6.4465093 6.4036207 5.1808789 1.6567250 1.0232851 6.2596822 5.5555456 5.7910777 6.0255967 4.7523972 5.7376849 7.0514195 5.4260870 4.4091802 7.3163229 6.2247464 3.8637591 
sp_Q6P531.2_GGT6.HUMAN      8.9999987 5.1290231 5.8163425 6.3102286 8.0645356 5.1609579 7.0459313 0.0000000 5.9899683 4.2200256 5.6251971 5.6984310 5.2179353 5.7032441 5.4168961 5.4280338 4.4183400 6.4884078 7.6346540 4.7006115 4.7592304 5.1112788 6.0307008 5.7555398 6.3861037 5.4811524 5.5160335 6.4746541 4.5336278 4.2013554 5.4959841 6.7153912 4.8401793 6.5689566 3.5803851 7.4715718 4.6280101 5.9009790 5.6000722 5.0188294 4.8595277 6.1971596 5.4014809 7.0200847 5.4885677 5.3039995 6.9838245 5.8687456 3.9408847 5.2517208 5.9396473 6.2899245 4.8152879 5.8270213 5.2311732 6.1644033 4.6590126 5.5954513 5.8253718 5.4795004 6.3635763 5.3761592 5.5245900 5.2533361 6.3725897 6.2955650 6.8593225 6.0982902 6.4106854 6.1415257 4.6445797 6.0600531 4.0019612 7.0007371 6.2021236 5.6589193 6.1998538 6.8392111 6.9982401 5.2892996 5.9481729 5.7954163 4.4948648 4.6746137 6.6161115 5.2372394 5.1433366 5.2392944 7.3564793 6.1191225 5.2052710 5.5190881 5.5815130 5.9088337 6.0582912 7.2143847 5.6055417 5.0360387 5.0347433 4.2120846 4.8384534 6.0314029 5.9086937 6.5361778 4.5087038 5.7441716 5.5209198 5.9271247 4.5887069 5.5356377 4.9435214 5.1885507 6.2025798 7.0893536 4.9059300 5.3506972 7.0403357 6.8131550 6.3339220 5.3156006 5.2627801 5.4531972 4.7960951 5.2691288 5.2811274 5.7767859 4.8935263 5.4871244 7.7512680 6.7826454 5.1900694 4.6073771 5.4968267 5.3846669 5.7955705 5.4142658 6.6390841 4.9916506 5.4132560 4.2757090 4.8030093 5.3227050 5.8457609 5.4891907 8.1793835 5.8305364 5.9300233 5.8807162 7.3938440 5.2940429 8.2548858 5.5645109 5.8759232 5.7635699 6.5429560 5.4679430 6.5175786 4.9776232 4.3001638 6.5835771 5.1693344 5.4542750 5.7138082 4.6973564 6.1559409 4.7421740 4.0615364 5.0692102 3.6732575 4.8948135 4.3230869 4.4225753 
sp_Q147X3.1_NAA30.HUMAN     7.9024453 5.0891686 5.2594442 5.8026232 7.0196367 4.7396053 4.6654605 5.9899683 0.0000000 4.8998970 6.7179949 5.8291032 8.9999983 7.2478011 5.2742601 2.9410103 5.9105208 5.4497344 5.5642101 4.4108903 7.5233943 5.1538938 5.7622711 3.7317182 6.7829274 6.2612128 6.1039458 5.3534564 4.3136429 5.7470321 4.2355394 5.9613011 5.2126655 5.5173551 4.8188401 4.5253760 5.9576434 3.8906463 6.0608242 5.2057801 5.0445613 5.3972436 5.9017825 6.0442362 7.1276727 4.9673096 5.5541131 5.0692462 6.7123439 4.4484659 6.4402365 5.4651661 4.7309059 4.8172363 4.2747425 5.6710313 5.6189905 5.2467634 8.9224841 5.8922223 4.9765410 5.0065488 6.1788854 4.2176455 6.4647640 5.5077043 2.9959501 7.6171978 3.6716702 5.8714683 4.3700135 3.8634628 6.4228583 2.8302239 5.7098383 3.7372453 5.9044139 4.7519007 6.0275328 5.9269528 5.2606084 6.5235588 4.8180409 4.8567568 5.9068189 5.6390734 4.9888225 4.8605990 5.6220543 4.6280874 6.1970864 4.6778641 5.1329961 4.5581416 4.6824371 5.3078314 6.3202424 4.4454532 5.4464031 5.7441352 5.3874431 5.9010734 7.1683456 4.8424718 4.8777423 3.6190528 8.4088255 3.3774228 5.6748996 5.2727623 4.2357715 5.9885768 4.5187310 5.4190710 6.4331785 7.8984591 8.8245630 8.9999987 5.8153082 4.0487595 6.3457171 4.6153609 4.0450839 5.2954034 7.2375608 4.7956389 4.5414437 7.6708647 5.3028851 5.5589539 6.8733834 4.8541321 5.2658171 6.5032527 6.0634763 6.8442484 5.1678127 4.7861671 4.8924314 3.7286957 8.3087741 5.1186376 5.2772824 6.7624073 4.8119868 5.6364855 5.7914560 6.0657040 5.5056176 4.9947006 5.4183013 5.0201187 5.7269282 5.0756494 5.7888805 4.8818823 5.8268530 5.1250314 8.3881440 6.1301972 6.9222035 5.9429198 5.9650372 5.9783844 5.2964915 5.0051076 6.8076196 5.6898970 6.0628490 3.9272177 4.3337999 5.0999779 
sp_Q96GR4.2_ZDH12.HUMAN     5.5343397 5.2309148 5.9356204 4.9535797 6.6379306 4.1506605 5.8639551 4.2200256 4.8998970 0.0000000 3.8658384 6.1100612 3.9740317 5.8982392 6.7850375 7.9540796 4.1895866 2.2423212 3.0754633 6.3464415 5.5007977 4.3027486 3.7875092 4.4710720 5.2869526 4.6402714 5.8678610 2.6897238 7.5190076 3.5076339 4.7604098 2.5688263 6.7428809 6.3047584 5.2379548 2.4473706 5.8957153 2.7548516 5.7273536 6.2846455 4.0586513 4.2794455 4.4701852 2.2777743 4.8121514 5.0457122 3.0156248 2.4909678 4.8514189 2.2129343 4.6694808 5.2296547 4.3699566 4.9644992 2.8611414 3.1627739 5.8097939 4.4647651 5.9226542 5.2219808 2.4005809 4.5987432 4.7945674 3.1346570 4.9052511 4.9488301 4.3407997 4.2549080 4.8410254 5.7065941 6.6319458 7.6669417 4.7767414 4.0824122 6.2461435 3.7154335 5.3689551 4.6985959 8.0528570 5.3072528 4.2473131 5.0891962 4.2705010 5.3284130 5.5420311 4.7522461 2.2676556 5.3131521 3.4209493 2.2475681 4.5227173 5.1539029 5.3387390 2.6540743 2.7322060 7.5128231 5.5593979 6.3328694 5.3171743 5.6100159 5.4113659 4.9919183 4.9695825 5.5213118 3.9459513 5.0762296 7.8987662 3.7305378 5.7560629 5.3399740 2.9883017 4.4666465 2.5360104 4.3279395 5.4355217 3.6954462 7.4594209 4.8098049 2.5812646 4.5398083 7.0439876 4.5957580 4.4920524 4.0207125 3.7815952 8.4997139 5.9756839 5.3160518 6.2778348 7.5135263 5.3620730 4.6724267 2.5282162 4.4276624 5.9534622 5.7257905 6.7798302 4.0988923 5.2955910 2.5272692 4.7453461 6.1243470 3.0188314 5.9922857 5.9270630 4.4412045 4.4782503 5.4405532 6.8873531 4.8432659 3.2130071 7.5911865 5.8874289 3.9078270 4.4732280 2.7170576 8.9999987 2.3805623 4.7731289 4.7881365 5.7233021 4.5965188 6.4482642 5.6447658 6.4636071 5.3770493 5.5809731 5.5240308 3.6392720 4.9348230 6.9894016 4.9733511 
sp_P06239.6_LCK.HUMAN       6.1292330 5.9925524 5.6758715 7.2585926 5.3387290 5.5759095 5.4375178 5.6251971 6.7179949 3.8658384 0.0000000 6.1296180 5.6219583 6.6820453 7.2592750 4.1438050 5.1179017 4.4590580 5.7147883 5.0639075 7.4446925 4.1820956 6.2724034 5.8277758 5.6200880 5.2983784 4.9813527 5.1407772 4.8304644 4.5607115 5.7969870 4.5203283 5.0844570 5.8844881 6.5306890 6.2921762 5.3189913 6.2863184 6.1418099 5.2862004 5.4971966 5.3215804 4.4646566 5.2588519 4.5591676 4.4907080 5.9588672 4.0511989 4.0303188 4.3458840 4.6711580 5.2511530 4.7204412 5.3046531 5.7179790 4.6321549 4.1536726 3.8799722 4.8586116 5.5640687 4.2748308 4.9106389 6.0424627 4.9954779 6.3497601 4.7525515 5.1195177 6.6531691 5.6208159 5.3865551 5.1622611 5.1533957 5.2318396 5.0922268 6.1609902 4.8478813 8.9999989 5.8426041 7.1899966 6.0862784 5.5594749 5.4440154 4.6268241 5.8038262 6.6800088 5.0882383 4.5464544 5.3082723 5.8180722 4.3260891 4.7746817 4.8185455 5.1100863 4.9615368 5.4979419 5.2008865 7.4047784 7.0087873 6.1579506 5.4273610 5.0619265 5.9786306 4.6654604 6.7990964 4.6927682 4.9809072 5.8991306 4.6291040 4.4724238 4.9122868 4.9201927 6.1105444 4.5427038 5.1824649 5.1941378 6.0098032 6.0265995 6.5803444 6.3268268 6.4017149 5.0613934 7.4239128 6.1310597 5.0597691 5.6801884 5.6107577 5.0331619 6.7524875 6.0862621 6.8240145 4.6788264 5.5665704 4.8128113 4.4962444 5.7142972 4.9043743 6.0006204 6.6758664 4.9579244 5.0662732 5.4711618 5.1553055 4.6825561 4.6737662 5.5196416 6.2041513 6.0891589 6.0549035 4.9646776 6.6063175 6.1075307 6.4733048 5.3803858 6.2413537 6.0602585 5.2286741 7.6432797 4.5574176 4.4389893 5.4598569 7.3218643 5.7243532 5.8523950 4.6529219 5.7600725 3.9686426 6.4288768 4.5680393 4.8184949 6.1454329 4.9731443 5.3570135 
sp_Q9H9T3.2_ELP3.HUMAN      7.7355130 7.5285935 5.3532167 6.2192475 6.3195131 6.5291047 5.7077774 5.6984310 5.8291032 6.1100612 6.1296180 0.0000000 5.7137939 6.7178659 6.3795044 7.1933431 6.3160681 7.0164735 5.3790193 4.7301041 7.6701408 6.5405893 6.8968438 3.7044088 7.2190848 4.7630194 8.1720631 5.5003209 5.4602242 5.2822040 6.3545563 5.6150755 7.1356270 5.7912594 7.2775352 6.5778070 5.6050672 6.3992527 6.6799657 5.1108965 5.9079405 5.7928420 6.4476840 5.2664071 5.5600886 5.7919547 5.5195018 5.4017373 4.6973686 4.9189603 6.0658065 6.1605978 5.2243337 5.8012216 5.5605787 7.0138055 5.0230374 5.9485937 7.0402598 6.7311735 8.0656486 6.4524420 4.7111653 6.5137508 6.5046858 5.7116427 4.7170407 7.0736194 8.6897773 7.0701267 4.8084356 6.9016821 5.3009712 4.8583293 7.1295227 4.5774516 5.8643565 7.3729006 6.6986071 4.3189111 5.1989106 5.1726592 6.9899797 6.1419925 6.2894763 5.8307993 5.1663131 5.2714283 4.6714309 4.0744998 4.9018126 5.7495140 5.0579769 6.8849854 7.3971411 6.1178578 6.4706426 6.1493441 7.3898631 5.7247726 6.6082297 4.5433896 7.1134992 5.1455694 5.3571971 8.9999985 7.5365035 5.1770880 5.6445411 5.1179247 5.7157826 6.7559747 6.4720944 6.9894971 6.7327680 5.5038790 6.7399707 6.6076617 5.8323404 6.5875716 7.9351225 7.0825779 6.8417043 6.2780060 8.2641886 6.7394066 5.8254448 5.5899961 6.7093845 5.2015783 8.0799015 7.1899713 5.5926949 5.7599640 5.7293460 4.6602571 6.8680070 5.1908444 6.6515196 4.3095658 7.5555836 6.0731101 5.0752571 4.5498814 5.9873817 6.6296767 6.6451870 5.9473563 7.6740460 5.1952007 6.5838851 4.8564795 7.5990977 6.2882349 7.2188168 6.1282128 5.7052905 5.4469469 6.5695118 5.2154008 6.7233297 7.0038735 6.2041972 5.8335345 6.8851940 6.0418342 6.0606085 5.9325067 5.2763009 5.8807785 7.4998522 7.5906546 
sp_P11245.2_ARY2.HUMAN      8.9999988 6.3559111 6.1496137 8.9999983 6.2511624 7.4191444 7.7288206 5.2179353 8.9999983 3.9740317 5.6219583 5.7137939 0.0000000 6.0251135 6.5249802 7.9053511 6.1692468 6.0216466 6.1084938 6.7978740 5.2732687 5.0314778 7.5508798 6.0949356 5.4201786 6.4731016 8.0529484 5.6085585 7.1004662 6.7889962 5.7169894 6.1676569 8.2133582 7.4703618 5.8470074 7.0152322 8.6990076 6.4188887 6.6288241 6.9033501 7.9952333 7.9784036 6.9962040 6.0958626 5.4753356 6.4206662 5.5277913 6.1409250 4.3132161 5.0259070 6.3485346 6.0390632 6.4493860 7.6144474 6.3109309 7.6784736 4.0831986 4.2190490 5.1086621 5.4702559 5.1716097 7.6565435 5.6943919 5.5909514 8.9999987 5.4832310 6.5782242 6.3327595 8.9999989 6.2399649 6.4949527 6.0439061 6.8570564 6.3309514 6.3848726 6.3459109 6.1149168 7.2805854 7.3096097 5.5028241 5.6900048 5.9756980 6.8139542 5.5404140 5.9105528 4.5338930 5.2178320 7.3488587 4.8790109 4.3257715 7.4508563 6.4419989 5.9653513 4.5143909 4.2699980 8.9999980 6.4409416 6.1172208 6.8820031 5.6501239 6.3914225 6.3630927 6.1623348 6.6354593 7.8428521 8.9999981 6.1704948 7.4555799 5.9182556 4.5719362 7.3178504 5.7954445 6.2914169 7.0002264 6.1440549 0.2365618 4.5964083 8.1843411 7.1071976 6.8745735 8.9999987 8.9104640 6.5475524 6.8303583 5.8752080 5.1765291 6.6083045 7.4753942 8.6897814 7.1270801 7.9267995 4.6265512 7.7644556 7.2988469 6.3853641 4.1282778 6.1985463 7.3923620 8.4552831 5.6338048 7.1108509 8.9999989 7.0678044 5.8629351 5.7078362 4.7050119 4.8423746 6.9136635 6.1648512 6.6623546 7.0068525 6.3764565 5.7958645 5.7032046 8.6457985 6.8767811 6.6611902 4.2839893 8.1287944 6.4346520 8.7861088 6.7662261 5.8629553 7.6558128 7.6762623 7.7557837 5.7604971 7.0404731 5.6794887 5.7100386 5.2075895 6.3084414 
sp_P35610.3_SOAT1.HUMAN     7.4565765 6.2741657 6.0828906 8.9999989 8.8758668 5.6098877 4.7725018 5.7032441 7.2478011 5.8982392 6.6820453 6.7178659 6.0251135 0.0000000 7.0998157 7.4691633 6.9065794 7.0620263 6.9207833 4.4225662 6.9131171 5.7429909 6.7669881 6.2924228 5.9383678 6.3988148 6.0420804 4.2285839 4.5414177 6.8902861 3.7577639 5.2988720 6.6310998 7.3598227 7.8139681 5.9387109 7.8100523 5.5659372 6.3829608 7.5163937 5.5802648 6.7076109 6.5901877 5.7854453 5.9476831 5.0858921 7.0029855 5.0717674 4.9648493 4.2237388 5.2303636 4.4734378 6.5400989 4.5218103 6.6193832 3.7790247 5.2751778 5.8587584 5.8573575 5.3926360 6.4775573 8.9999986 5.5171247 5.5610734 6.6039090 6.5471239 4.8916397 8.7924961 7.4430922 7.9160742 4.3798523 8.1568191 4.5356758 5.6323157 7.7407721 6.6972008 6.5311326 5.0508069 8.5614379 6.4545688 5.6921793 5.1032544 6.0396662 5.4253766 8.9999981 4.9414554 4.8833885 5.4132144 4.7975690 5.1966027 6.7147893 5.6036003 3.9201186 5.1624128 5.1488870 5.1518506 7.6530896 5.2650780 5.7102361 6.0151462 4.4803977 4.7840356 4.2161915 5.7594944 5.3008552 8.2284455 7.8253840 5.5945118 5.5511614 6.2164026 4.6565086 4.2410198 5.7215950 8.9999990 6.4459027 5.8348810 7.3764999 6.3022359 5.3147306 5.4002257 6.4651756 8.0533844 4.6541945 7.6012353 0.9986767 6.4591034 7.6754706 6.4324470 5.2539550 8.6661532 5.6179468 5.0933136 4.7975814 7.1027062 6.4430234 5.1160909 6.7795624 4.3166963 5.5993263 4.8176422 6.7551830 6.7585044 5.9860544 6.4963188 6.8061721 8.3620399 8.6371127 7.9155909 5.1963160 6.3930447 7.0029802 5.8489394 8.3747652 7.7645487 5.5890366 5.9693959 7.1577374 3.9991469 5.3574220 4.7706652 8.4131449 6.0539402 4.8781987 4.9344633 5.2376685 5.1695555 7.4875389 4.5680275 5.9865520 5.1271173 8.6122592 5.0562496 
sp_Q7L5N7.1_PCAT2.HUMAN     4.6198799 6.1392386 5.4366337 7.4536300 7.1600500 7.2611204 5.9315648 5.4168961 5.2742601 6.7850375 7.2592750 6.3795044 6.5249802 7.0998157 0.0000000 6.5176068 5.7724077 5.0477172 5.8708506 5.4883995 8.7702633 5.9958547 5.8089961 5.3573153 7.6215073 6.6881703 5.4519108 4.6031015 4.9117195 6.7628516 4.9980285 5.5255326 4.5736241 6.8829662 6.4906151 5.8283389 8.8391074 4.8042192 8.1580948 7.0654388 6.4364976 6.9836551 5.8755513 6.7102888 8.0202652 4.7848046 6.5978595 4.9879611 4.6009860 5.5268708 6.3563671 5.8665655 6.6483566 5.1035472 4.4503211 4.8706965 5.6353540 5.3057293 7.0621081 8.1984591 5.4059766 5.7100270 5.3117857 4.5134244 5.4488197 7.9195255 6.3818814 6.3912291 5.0150949 8.9999990 5.3425963 5.0196821 4.3623965 5.6245426 8.7361369 5.4822052 8.0782911 6.6429266 7.3957153 5.3974040 6.5263058 8.9999983 6.6372503 6.5656020 6.6711580 7.1420523 5.7417785 5.3543830 5.3882674 7.9399631 7.1525601 7.7846728 4.9751980 5.1726600 5.1170493 6.7051253 8.5528583 5.8406144 6.7052187 7.3856943 5.7147171 5.4760253 6.0906108 6.8496200 4.7962606 4.7238125 8.7921436 4.7276780 6.7557785 5.2441016 5.3006426 7.5364708 4.5357146 5.6674519 5.6579974 5.6121204 6.4757595 5.2021110 5.9517129 6.7115466 5.7601055 7.3703244 6.3000091 8.7611618 6.5910979 5.1486445 5.5775412 6.9939603 5.5944418 7.7464452 7.7388084 6.4845680 6.9941180 7.1638372 6.8838217 5.7642022 6.6819130 5.2701244 5.1937243 6.4563048 7.3645851 5.7522559 7.0218909 7.3962216 6.5390141 8.9591321 8.9999989 5.9843427 5.2382896 7.1510971 8.1346712 5.4360113 8.0266214 5.8537302 1.1620101 4.7038387 6.2860683 4.2854819 6.2426385 5.5217575 5.4914471 1.2640424 6.4308241 4.2867205 5.8151941 5.3690789 6.3105112 4.1652779 5.4553047 7.2504554 5.1047489 6.8714620 
sp_Q9H7X0.1_NAA60.HUMAN     4.4664445 5.8069865 6.1931151 5.3843653 8.9999988 5.1305694 5.8059804 5.4280338 2.9410103 7.9540796 4.1438050 7.1933431 7.9053511 7.4691633 6.5176068 0.0000000 5.7312919 7.4196635 5.3219286 6.1546801 7.4924541 6.1029824 6.0627354 4.3413144 8.9999981 6.2681152 5.5085968 5.5017095 7.8533356 4.8959756 6.6596227 6.2926753 5.3057202 6.5235008 4.6767787 7.0610715 6.1433752 5.1352785 8.9101177 7.1688203 6.8396410 5.8816203 6.6358265 5.6397256 6.2828862 4.2263607 6.1097535 6.2223310 5.2576559 5.0713644 5.1516257 6.0082894 5.6841132 6.4331414 5.0340411 4.8583585 6.6985341 6.2803116 6.1314143 6.3320019 6.4839699 7.3140874 4.5077266 5.0844123 6.6181193 5.5123807 3.1653855 4.9349463 3.7864699 5.6504705 5.9466453 6.1634401 5.6890730 3.2735388 5.8383228 4.0666142 8.7935118 6.7738547 7.6126292 6.5821066 4.6084883 8.9999985 5.6624983 6.9438559 6.4367499 6.4917969 6.2323693 7.6323428 8.4732050 5.5002717 6.6393298 8.9999982 5.0110731 5.7629737 5.9193053 5.3890719 8.7917422 5.9352662 5.8965816 6.3142418 4.4439763 5.4700149 5.5359623 6.4716960 5.5956251 4.5100250 5.4045264 4.6488783 6.7467630 6.2908190 4.1234312 8.5384068 5.7026104 6.3333661 5.3554270 7.8241945 7.8230773 8.2072778 6.4114160 5.1038526 5.2280616 3.8248055 4.8174930 7.4912882 6.5559551 5.2779108 6.8417084 6.1487133 6.8870739 7.2934584 4.9138382 5.1065310 4.6027533 6.1792929 5.0452965 6.4218831 5.5304693 5.5666517 5.2943370 4.6249920 6.2038256 8.5185305 6.7110173 5.7540756 6.9835114 4.9347202 4.7936415 8.7357653 5.9770457 4.4425052 6.4167172 6.6627205 5.2779539 5.2327338 5.8245422 6.1395359 6.9943379 4.3753714 6.3575208 4.8975244 5.2854889 5.8095175 6.5467691 4.6508962 6.1241571 6.0876825 7.6447903 4.8076738 3.7572214 6.7649721 4.9914634 5.4090427 
sp_Q9NST1.2_PLPL3.HUMAN     8.9999981 6.2287695 8.2476191 7.2226315 6.2445304 5.1716837 5.9887935 4.4183400 5.9105208 4.1895866 5.1179017 6.3160681 6.1692468 6.9065794 5.7724077 5.7312919 0.0000000 4.9309184 6.1766174 7.8763626 6.3228665 7.6271087 5.6264170 4.8706156 5.2674914 5.7555529 6.9100032 6.3367595 6.0026627 4.1616834 6.7226417 6.8988927 5.2437605 5.2411970 4.6192810 5.8118343 4.8566042 5.3011915 8.6122424 6.3247051 5.5242588 6.9996627 4.7494282 6.5029490 4.7951637 5.8067909 5.8833757 6.1167379 5.4149868 6.3169659 6.3129688 4.8328697 6.0252647 5.1146492 5.2300096 3.7176994 6.7340043 6.5002492 6.2548406 5.6258540 5.9621722 5.8570541 5.9271784 6.5940936 7.2387161 5.8300912 6.7013598 6.0108902 4.5540317 4.4976749 8.4298861 5.5610399 6.1695581 6.2277767 5.8106076 5.2177403 6.4490191 6.7843836 6.2122582 5.9574976 5.8992150 6.1087087 4.7147755 5.9740651 6.5424710 5.5495420 5.5600979 6.2306997 5.4755590 6.5527624 5.3246037 6.2377601 4.6916140 5.5641694 5.4938284 5.4491341 6.9398185 5.9099438 4.7049136 5.7073770 5.1350231 5.8486097 4.8409397 5.2625048 5.2784644 4.9584885 5.0671456 5.6642378 5.4101908 5.4021610 6.5401796 6.3305547 5.1780230 4.8302022 5.9577029 6.6180609 8.3517344 6.3883535 5.8460432 5.0150059 5.4239832 5.4396797 4.8993677 5.5858363 5.4365217 5.1868131 5.2831446 6.7655118 5.6693933 6.4438454 6.0062189 4.7885419 7.1409757 6.2790960 5.6209415 3.5822267 6.8405565 5.5614073 5.4170619 5.0808162 4.6207392 7.2731996 5.7633514 5.5607746 6.9938294 6.2858263 6.2566652 5.6306306 5.3272280 4.8634058 8.8418336 6.1991866 4.4069784 5.9927315 5.8975769 5.0371176 6.0068687 5.5316600 4.7373646 5.8920129 6.8288443 5.3431959 6.4910797 4.9612124 6.6740580 4.9649526 6.1365998 4.5517829 6.1763653 6.3627806 3.8544961 6.0697423 
sp_Q9H6R6.1_ZDHC6.HUMAN     6.5847599 7.0775979 5.5655521 6.4123269 5.4363256 6.2368492 6.1346847 6.4884078 5.4497344 2.2423212 4.4590580 7.0164735 6.0216466 7.0620263 5.0477172 7.4196635 4.9309184 0.0000000 5.0415655 6.0931607 7.3300347 6.0560569 5.6298859 4.7188277 6.1257734 6.5724359 6.9768742 2.6770302 6.6758793 6.1521494 4.3303363 2.5472992 6.6602036 7.0059529 4.7733914 3.7361223 7.4739880 2.8764123 7.0158285 6.4000698 6.3328736 6.2688655 6.5603122 2.4751038 8.2870574 5.9728462 2.9031837 2.6337864 6.3687518 2.1423477 5.0630120 6.1647077 5.6528442 6.4235800 6.3174095 3.7307900 5.4810089 5.5868564 8.9999987 7.7725010 2.9242467 6.3416184 5.5578616 4.2572656 6.2550625 5.1745033 4.8348622 7.2936092 6.0452881 7.4842597 6.3517167 6.7101963 4.3624312 4.7797824 6.3206996 3.9505920 6.8764340 5.0970426 7.7034387 5.4402736 5.5264745 4.9778611 5.9651989 4.6655110 5.0489538 5.7269112 2.3744804 4.6193056 5.3560011 2.3143795 5.6846078 5.9638466 5.3743032 3.1917158 3.2713925 6.0872260 5.5548826 6.1295823 5.6124470 7.4334194 5.2211084 5.7567194 6.3028617 6.4248290 5.7392436 6.3791996 8.9999982 4.2951759 5.2344586 5.0752939 4.8244794 5.2583877 2.7437582 5.4085047 5.6767964 5.3031297 7.1311590 5.6983106 5.4792177 4.4606063 8.0122077 5.1193829 4.4156718 5.7345722 5.6368390 7.5303306 6.3490892 8.4921830 6.2235146 7.0592891 6.2154245 4.4408980 2.6993941 5.6696060 6.7444782 5.3508632 7.6519523 7.3095257 5.4780108 2.6241080 8.6993083 6.3491333 2.0797432 6.0413493 5.9997290 5.7472978 5.8867450 5.8726285 5.4277935 5.8207179 3.1285715 6.0417440 8.5646757 5.8479463 6.1721168 3.1584057 7.4178437 2.8049046 6.1810498 4.9518618 6.6003706 6.1371940 7.2693447 6.1954937 7.4870549 5.2786969 5.7918515 5.9363208 5.1437833 4.9543889 6.8538068 5.8874682 
sp_Q8TB40.1_ABHD4.HUMAN     5.4563624 4.6651699 5.3710305 5.2544341 7.2044730 6.6582429 4.4188637 7.6346540 5.5642101 3.0754633 5.7147883 5.3790193 6.1084938 6.9207833 5.8708506 5.3219286 6.1766174 5.0415655 0.0000000 5.3230116 6.8143925 5.4452129 6.2916467 4.7243250 4.2058105 6.7440804 6.0113462 5.9827022 5.2751536 5.1943441 4.6463522 5.5705546 6.4785491 5.6402010 4.3623780 4.9172206 5.7788679 3.8953340 4.9250624 4.6318239 5.5766566 5.3634984 4.6750175 4.3880218 6.2298033 4.0586013 5.2394831 4.7286426 5.7776398 4.2196718 5.1431415 4.5589121 3.4691637 4.1386427 4.9051297 4.2431539 6.4140957 4.8156390 6.4527341 5.7168257 3.9618849 8.5525668 5.6941278 5.0413938 5.2242889 5.0091434 4.4844600 5.9659878 3.4099342 5.0592531 4.8836899 5.8440606 6.9904475 4.4528813 6.3874282 3.7121551 4.7087289 5.0685044 7.4462697 3.9879411 6.1355272 5.8393927 5.3738904 6.3043102 4.3198959 4.7549916 4.1137731 5.0888826 6.8852075 3.0599022 5.7923505 4.5002991 4.8828814 4.9116350 4.6808723 6.1255571 6.5681433 5.3805241 5.9113800 4.9498120 5.1339706 4.7076042 4.5383411 4.2506199 5.2832833 3.3743006 6.4560774 4.0506466 6.1553747 5.4214201 4.3694979 5.5078054 4.0805045 7.6164792 5.5128476 5.6355674 5.9300661 7.1533365 0.8088966 5.1707319 6.5475520 5.0934288 4.8864940 5.5769449 5.9852828 5.1129899 4.8049894 6.9440016 4.4009631 7.8469130 5.1587268 4.7822937 6.6255625 5.8556895 5.4012910 4.8570657 5.0535753 5.4142130 5.8259706 5.3170592 5.9523166 5.8405761 4.8260723 5.3706411 5.0973035 5.1275679 5.2380798 7.3695916 5.2976623 5.6637145 5.3735234 5.4190314 4.8450668 6.3386806 6.2561876 4.5608904 7.2340137 4.4959891 4.7868587 4.8072331 4.4654189 4.4638216 8.4353798 5.3477655 7.3772852 6.2962555 5.4607878 5.1625395 5.4542989 6.1067558 5.3208202 4.4809190 
sp_A6NGU5.2_GGT3.HUMAN      8.9999987 5.7966990 7.3789713 6.2776383 6.3201472 6.1622862 6.3460099 4.7006115 4.4108903 6.3464415 5.0639075 4.7301041 6.7978740 4.4225662 5.4883995 6.1546801 7.8763626 6.0931607 5.3230116 0.0000000 7.5920536 5.7368626 7.6626878 6.3205505 6.7910748 4.8608562 7.4608884 6.1642789 1.4444034 5.4994146 4.4722558 6.5410950 5.7960275 6.3434948 6.7112487 5.3781026 7.7917034 5.0528384 5.3340203 6.4605660 6.8855774 5.6944812 6.7498536 5.3567012 6.8253812 5.4017058 6.3250659 5.5440253 4.6465379 4.8650063 5.6619865 5.6615181 5.5946458 5.0932669 7.2535412 5.9269400 4.6741697 8.4511599 6.4173088 7.0140258 6.2717844 8.9999988 5.4763122 6.0149291 6.3241513 5.4752011 5.5557850 5.0985623 6.6634231 6.1293403 0.0379458 6.5694272 6.6880272 5.4334366 7.3175184 4.8985953 8.9999988 6.3330604 7.6277950 5.4483817 6.2229479 8.0786274 5.4026264 4.6405467 5.8962096 6.3003025 5.4124661 4.9206002 5.8932838 6.2889001 6.4315606 6.8192314 5.3116813 6.7652750 6.8609050 8.2204185 7.1071956 4.8362899 5.0926293 5.0057332 6.1099635 5.2802142 4.1756734 7.0867717 6.8628296 6.3837916 7.7046134 6.1838824 2.1089816 5.6597057 5.5975280 7.2572126 5.3049312 6.8384745 6.8285640 5.4884298 5.9365181 6.9196138 5.8088183 6.1317433 5.6845852 5.8421221 5.3061175 5.7872672 5.2539925 5.9353345 7.2633571 7.1852032 7.2294667 6.6209410 7.6823448 4.7348498 5.8680671 4.5303094 5.8543333 5.4837827 5.5942404 5.3699431 5.1516802 5.0639568 7.2346424 6.0958797 6.6001196 5.8443692 8.0380977 5.3945234 5.4166552 5.3089461 5.9166565 8.0389954 6.0962795 6.6874237 6.2336832 7.9395140 5.3021983 5.5386459 8.1604244 5.0118527 7.0812877 6.1352244 6.9620400 5.3181034 6.7365798 7.1020227 7.2459993 6.6275035 7.9671055 7.2420607 4.8661807 6.3226539 5.0356107 6.2379633 
sp_P24752.1_THIL.HUMAN      8.9999984 6.1580965 6.7035660 8.9999989 6.7118765 6.0857418 8.7325407 4.7592304 7.5233943 5.5007977 7.4446925 7.6701408 5.2732687 6.9131171 8.7702633 7.4924541 6.3228665 7.3300347 6.8143925 7.5920536 0.0000000 5.4913358 5.9918550 4.5363582 7.0790328 6.6576180 6.9296998 6.3410220 6.8365890 5.7830230 7.4487310 7.3571552 5.5437839 8.9999985 5.6869443 6.6653737 5.4134092 5.7982101 7.4067226 6.1802286 6.8388273 5.6741861 7.2729648 5.5686630 1.8542412 7.1389574 7.3653396 7.5002227 6.1788477 6.8950083 4.9479246 8.9999990 5.7317936 8.5641504 7.3259767 5.7763031 7.4829514 5.6980880 1.2500305 8.1721404 8.1922128 6.5496109 7.8662754 6.4277338 8.0624446 6.7765713 4.9311669 6.9577584 5.9723621 7.8879282 7.0503100 6.1465873 5.4648511 5.0825233 6.0252370 5.9714833 8.3161237 5.4960061 6.5363846 5.3952419 7.9438530 7.6749887 6.3985448 8.4083821 6.6512162 5.0454291 8.1784524 7.0624164 8.9999980 8.4326886 6.7480688 7.6209826 7.4790607 5.7345054 5.3471975 5.7573438 6.8948309 8.7172435 4.4062663 6.2431268 6.5548813 7.3742553 7.3695352 8.2736034 6.1700001 7.6297832 1.4288030 5.5034388 5.8673066 8.3729332 5.0744136 5.4280687 6.1446432 6.5694847 7.6129230 5.1705320 7.4228171 7.7423721 5.1940716 8.0935489 7.3033298 7.7483332 6.9533298 6.7689033 6.6872106 7.1967372 8.6933128 7.9220512 8.8675100 7.1128575 8.8206282 7.9253871 7.3032053 5.5214203 6.6521676 5.5313439 6.8859802 4.6856369 6.5358658 5.8588118 1.9596463 6.5964393 6.1780786 5.8737846 8.9999984 6.7475200 6.6169560 6.3581930 4.2213150 8.5487418 8.9999982 7.1588043 7.2392850 6.6831914 7.9859634 5.6875641 8.6380411 5.3647803 6.8367406 8.6535025 6.7279592 7.1540858 6.5950224 8.9999987 7.0848971 5.5594530 6.0323481 8.9999989 6.6199298 8.6520261 6.6319828 6.8216579 
sp_P12694.2_ODBA.HUMAN      6.6634221 5.1145993 5.2524994 7.6432588 5.1548740 5.5451956 4.2016355 5.1112788 5.1538938 4.3027486 4.1820956 6.5405893 5.0314778 5.7429909 5.9958547 6.1029824 7.6271087 6.0560569 5.4452129 5.7368626 5.4913358 0.0000000 5.6410933 4.8914730 5.3659168 5.3795361 5.8909387 4.1699177 5.5939245 5.2235165 5.8105525 4.6672326 5.2689686 6.2372304 5.2918633 5.4208291 6.0697837 3.9924746 4.2584377 6.3233960 5.2357761 4.4359955 6.6999202 5.6517386 6.3944514 5.1336844 5.9942237 3.6875557 6.8354529 4.9487536 5.7267707 4.5665857 5.1384156 3.9726927 4.3748432 4.8175048 5.7284168 4.6318696 5.4095439 5.8749957 6.3811592 4.5847024 6.2275235 4.6119251 6.2378805 5.7549489 6.4475269 5.7386631 4.7686163 6.5735823 5.7038676 7.3233389 4.5384524 6.5675718 5.2933765 4.2264756 6.9460000 5.4464723 5.5225555 5.8067532 4.3011346 7.0537709 5.5541014 7.4724617 7.2296592 5.7868922 4.7038531 6.5235271 5.1949273 4.3465005 6.1605088 5.5263310 4.3651400 4.6496701 5.1250633 5.0248214 5.6785429 5.0197117 5.8024116 4.6542292 4.3565817 4.9619763 5.8925224 5.4216566 5.4252235 4.4005845 6.8973297 5.6373782 5.2835850 6.7237794 3.9411660 6.5186103 3.9469875 5.3857330 5.8109762 4.7064217 5.7953734 6.9436343 6.0112751 6.7717436 5.6445943 4.4210403 6.5141570 6.8848886 6.3789528 6.7606243 6.2581819 6.6668048 5.4652714 6.2890420 5.9743047 5.7847228 4.3896124 4.9816617 6.8772800 6.8109706 6.8080009 5.4995942 4.4942188 4.4301369 6.1768140 5.3930571 5.5118488 4.2212954 4.6870804 4.8815745 4.7639297 6.0713100 5.5853086 6.0237318 7.8598209 6.4678600 7.0299713 4.8250319 5.6545797 4.7050455 6.4474910 3.6960302 4.8752238 4.4751223 3.4604211 5.7792187 5.4800145 5.1533759 6.0992136 5.3835120 5.4471592 4.9755837 3.9531243 6.3059642 6.4513311 6.8308163 
