157
sp_Q9BQE3.1_TBA1C.HUMAN 0.0000000 5.7664477 6.0733679 8.9830814 6.0977331 5.9214697 6.4061432 7.1618376 5.4307139 6.7455467 5.5454378 7.6132542 6.1597058 5.5444896 6.7289208 7.4788491 8.9999989 5.7273584 6.7933286 6.2477700 6.3139551 7.8671394 8.9999988 5.7427378 6.2910299 5.4291720 1.3072031 7.7197041 6.7630877 6.9272359 5.5807029 6.5320671 7.0116479 5.9611409 1.3146366 7.0995567 5.2691892 5.0766187 6.5164648 5.6949890 5.6845091 6.1283600 7.2529380 6.0504135 6.7960831 7.5191768 6.8447932 6.9173326 8.4282781 5.5838384 7.4409211 6.8939531 5.8479791 7.3218702 6.4038153 5.3646126 6.8482256 7.1022736 6.6206426 5.1360987 6.5561889 5.5730596 6.7893746 6.0405915 5.9204099 4.9376140 6.2683899 5.4442737 5.7917197 6.4983327 6.2357224 6.7247748 6.1741806 6.1843764 5.8602920 5.1225881 5.4476266 8.0095894 7.1365562 6.5763971 6.6257598 6.0274474 6.1539027 5.5826682 5.7982777 5.5743056 4.9201452 8.9999985 6.8004240 7.0886234 5.3127478 6.3529195 7.8882021 6.2444759 5.3772615 4.5919868 8.9999986 6.2877647 5.8556793 6.1089158 5.9713737 6.2584970 6.7129299 5.5886772 6.8571791 5.2778736 7.5255796 4.8913559 4.2481326 6.0289843 4.6001514 7.9327769 6.1695829 8.2630343 6.4156948 6.5541113 5.7083832 6.4202528 8.9999983 6.0771543 7.1761218 5.4275265 7.6951668 7.3109099 6.1201501 6.7869910 6.9882882 5.9287830 1.2880774 6.9248019 6.9947686 6.1177072 5.7285848 7.0726822 6.5262489 6.6270351 7.4705688 7.5625478 6.6803725 4.8484808 5.9955108 7.3661570 8.6028545 5.3729897 5.4047803 6.0569160 5.9223056 6.1177072 6.3458028 6.7969603 5.0328922 4.5394495 5.9689642 5.7467847 7.4214273 7.3897136 5.4471574 
sp_Q9Y5X4.1_NR2E3.HUMAN 5.7664477 0.0000000 6.6918303 8.0531853 1.8066152 5.1571390 5.5615118 4.4324321 3.9923883 4.1549897 1.8229427 6.1465657 2.6523838 4.1057092 5.3127750 7.2371037 4.8616108 4.4147648 5.5279301 6.1749407 5.0267819 4.4853515 5.5485506 2.6743583 4.5544054 3.0195869 6.3757927 5.6452410 2.5902094 6.1870775 5.9733562 5.6926134 6.9171474 5.2702089 6.5141897 5.2384825 1.1023919 1.2975257 8.9764470 3.2240037 5.3057425 2.7050285 4.7242818 7.2905970 2.8157400 4.3857373 7.5642253 4.6980481 4.6393934 4.3056859 4.8471534 4.7704114 7.4663026 7.3134911 6.4653253 5.5481777 6.2951369 6.2851055 5.2670894 4.2237693 7.0845207 3.0583465 5.0824862 3.1569945 2.3843365 2.7976114 4.4249853 8.2626464 5.4142714 8.9999990 2.6032809 4.9389689 5.3129622 2.4669874 4.8356220 2.6683167 4.4972411 5.3022984 4.6062887 4.9852467 4.8721245 5.4399960 6.1646513 2.7050557 4.9719158 2.4493506 5.5972726 3.9086019 7.5130832 4.8610763 2.9716426 8.7609444 4.0593079 2.8489607 2.6548299 4.8623180 5.7746986 1.8154802 2.6730338 4.6714425 6.5215303 7.1742014 5.2659334 2.3369868 3.0379693 2.6017280 5.2020835 4.9412394 4.5512698 2.6765916 6.3212889 5.3403629 4.9229035 4.5702892 4.8008358 5.4564734 5.2284218 5.6503060 4.4944838 5.1108651 6.1977580 3.0173520 3.1820887 6.0378825 4.4284668 5.0645210 4.9598032 2.9887365 6.4180758 4.9787911 5.4770644 5.4650584 3.8516859 3.2830396 5.9296090 8.2329109 3.6357968 5.1538176 4.6088578 3.7726889 5.0766600 4.4180808 5.0933740 2.8741364 2.5064264 2.6291811 5.4469135 5.4650584 4.7919742 5.0117383 5.2333196 1.3127544 1.7280712 2.9309471 4.4884876 5.4204105 3.0361418 
sp_P05177.4_CP1A2.HUMAN 6.0733679 6.6918303 0.0000000 7.6765686 7.2660431 7.1889177 6.2156910 6.8380618 7.7011857 5.0315985 6.5279611 7.9811656 8.1863993 6.8933691 6.0655207 8.9999989 6.8045847 5.6733369 4.8366690 5.9289112 8.6594916 8.1473207 8.7559874 4.8513410 8.4668134 4.8734560 5.9657998 6.4639270 5.8003500 6.8020747 6.6621834 7.1578236 3.5224840 6.6011857 5.7625793 5.9659689 7.1332990 5.1893376 8.8516334 6.0475959 7.7133481 7.7311340 6.7003710 8.9999986 6.4305642 6.0313649 8.9999983 7.7214263 7.4984171 6.9860434 6.1812070 5.7557715 7.8279530 8.9999986 2.1588254 8.2264668 1.9893455 3.1076259 5.9100196 7.1521222 0.3643521 5.4658995 7.0353113 7.1014703 7.1421218 7.6540793 7.1964953 5.5704429 6.4640691 8.9999983 6.8951093 7.7984885 8.5715265 7.2587544 7.0771839 7.4121080 7.5546267 8.3934002 7.7735440 7.5048745 7.5521388 7.2338627 8.9999983 6.3717301 5.9481479 7.4339482 1.5413824 7.1674834 8.6717323 5.6427465 5.5307301 7.6009333 8.9931915 6.1672949 7.2686514 8.9999990 7.2125274 6.8255518 5.7680297 5.3678430 6.2048841 6.1821667 7.5392848 6.6449588 6.9469928 5.9438773 7.0619717 8.6890979 8.9999989 6.1562374 8.3584988 8.9999982 7.6090502 7.7487405 7.8457765 7.2790079 6.4269563 7.0771489 7.9220979 8.2542575 3.1444443 6.0457063 7.1557367 6.5037533 8.1123522 3.7992645 7.1808860 5.3210517 5.9238040 7.9673474 8.9999988 7.4600349 4.4474584 5.7982255 7.0901992 8.9999984 7.8279791 8.9999984 8.8980276 6.3574264 5.8487044 5.2658507 8.9999981 5.6170790 6.8706588 6.9096144 7.2364952 7.4600349 5.0516647 6.7987851 7.2765388 5.4000473 5.8478710 5.7259775 8.9999982 7.9503516 6.3631552 
sp_P56705.4_WNT4.HUMAN  8.9830814 8.0531853 7.6765686 0.0000000 5.6554647 8.9999981 7.6876810 8.9999984 8.2363831 5.2970994 3.9636013 7.5824559 5.6207618 7.1452648 8.0218852 8.9999990 7.2914247 8.9999989 4.3113210 6.3765016 8.9999988 5.8589680 6.7402007 4.6123299 7.2987373 4.8913172 9.0000000 8.9999982 6.4854260 4.7715213 8.9999990 8.8593100 4.9891447 7.9825148 9.0000000 8.9999987 7.2864667 5.5144739 9.0000000 4.8706894 6.6851041 4.6798063 5.7478888 8.9999985 5.3882024 4.3709082 8.0908673 8.0183896 9.0000000 5.6227644 8.9999984 8.9999988 8.9999986 8.9999985 6.2106040 6.4430579 6.0040416 7.8993705 6.6755930 7.8719325 8.1967960 5.5996874 8.9999981 7.5803417 4.5740956 5.3772816 8.9999982 5.6777404 8.7554902 6.9210156 5.1310516 8.9999981 8.0833473 6.7324419 5.8698581 6.3207480 8.5467992 7.1145129 5.6153193 8.9757744 8.9999990 8.9999982 7.8983247 4.2119206 6.5951705 4.4900291 7.5196117 5.7419198 8.9999981 8.3053309 5.7254875 9.0000000 8.4114665 4.6279756 5.0820845 9.0000000 8.9999989 4.0375304 5.3430606 7.2827122 9.0000000 4.8078702 8.9999988 5.2701734 4.7091841 5.2956040 8.1963012 8.9999990 6.0317297 4.5432769 8.9999986 8.3476590 5.2832389 7.4711958 7.3553298 6.2599232 7.3786870 6.8872542 5.8074689 6.9798482 6.8382593 5.0336373 5.5067579 8.8009956 6.0854814 7.2144049 8.4939389 5.2212959 9.0000000 6.5542840 8.9999989 7.9263785 7.2549883 8.3012120 7.1142177 7.4926130 8.9999982 7.5012162 8.9999988 6.2800165 7.1313815 6.9419063 8.3580704 6.9217253 4.6718878 6.5443376 6.7204399 7.9263785 6.1144357 6.0618043 6.6143323 5.5728482 3.9888146 5.3089155 8.2034864 8.9999989 5.4545761 
sp_P41235.3_HNF4A.HUMAN 6.0977331 1.8066152 7.2660431 5.6554647 0.0000000 4.2151772 5.8661832 5.3978788 3.9867993 5.4109422 1.5431932 4.6084048 2.7133791 5.2295597 5.3093382 6.3469467 4.3473261 3.7029917 4.8289360 3.9697798 5.5955769 5.2403330 5.7725072 2.3391429 5.6806255 2.8252071 5.7816362 5.4457641 2.9839341 5.4172462 4.1840048 5.5042784 8.2936114 3.9380727 5.4772519 5.6408004 1.9247526 1.7331461 7.2157185 2.6233952 4.8032626 2.3616542 4.2237569 8.2005458 3.1068644 4.3907432 6.0034510 5.3120140 3.9027852 4.4979467 4.7471959 5.7019785 6.7105969 6.6543018 5.9890994 5.2766501 6.1857758 6.4630517 4.4108191 4.1190754 7.0215625 2.9856167 4.7666986 3.5797332 2.4156716 2.4863629 4.8643294 7.4050838 4.7608073 6.9839879 3.0392719 4.9271765 5.0937133 2.3810102 5.4829206 2.4892759 5.1265834 5.0572271 4.5593157 5.3486536 5.1170748 5.7252575 4.7199444 3.5879543 4.4128010 2.5099374 6.7707678 4.3545571 7.1785757 4.7492475 2.7196507 6.7698499 4.4868255 2.3562098 2.6228788 4.7359686 5.2812651 1.4801882 2.6710218 4.4020305 4.7540476 5.7017010 5.8962973 2.2441699 2.5523376 2.6308752 5.2477993 4.6485188 4.2720725 2.7146230 5.1416281 6.4328821 6.0001024 4.6836824 4.4350070 6.3915944 4.9752447 5.2791177 4.2768859 5.1598471 5.7019945 2.4762876 3.0860906 5.2794436 4.8230454 6.2982278 5.3199306 2.9494819 5.7735190 4.2101023 6.1611393 4.2642051 4.1810861 4.0859173 5.7411964 8.6509023 5.2014766 4.2853538 4.9442120 4.5384987 4.5020822 5.0229686 4.7539838 2.6642307 2.4328109 2.6663641 4.2875497 4.2642051 4.7993990 5.5495672 4.8641889 1.7242124 1.3901733 3.0177530 4.8171331 5.1826561 2.8998235 
sp_Q13573.1_SNW1.HUMAN  5.9214697 5.1571390 7.1889177 8.9999981 4.2151772 0.0000000 5.5014786 5.0523021 4.5359141 5.3722847 4.3559661 5.2746921 5.8440417 5.7589537 5.7218824 5.5451500 6.9402118 4.5649189 7.2131669 6.3469656 6.4043384 5.8084786 5.0942090 4.1714135 5.6292013 4.5234620 7.1822837 5.8704130 5.2419171 6.6593354 5.5672848 6.4312663 8.9999980 5.2718939 7.1062612 5.5475105 4.7675733 4.4267984 6.7614589 3.9390485 6.5923967 4.0813270 6.9233695 5.7668915 5.2865984 5.5730677 6.2527625 5.6401755 8.4121239 5.9358707 5.6950205 5.9748082 6.8782934 6.9216791 5.4561862 6.8488180 6.7019859 5.6296953 5.3052310 6.6357718 6.9852536 3.8188500 4.8118037 6.6365725 4.1612768 5.0257821 5.4160593 5.3707489 5.2937537 6.1327244 6.2547496 8.0636875 5.6950355 4.7842930 6.0465154 4.4663391 4.3732028 7.3871042 5.9963224 7.1998625 6.7153334 7.3678959 5.8051727 4.7735135 4.8474197 4.3515886 7.6779153 6.1617566 6.9091723 5.2203703 5.0467987 7.2733058 7.3099677 4.3756450 4.6271433 5.2631688 6.4507262 4.2904735 4.0992249 6.3630942 5.3364350 5.0075986 8.7814657 4.4039400 4.1025887 3.7805804 5.2775930 5.4660557 5.4329771 4.1969932 5.2507332 7.7374678 6.5858058 5.8318611 6.3192552 5.9341636 6.2649484 5.9411123 6.3809508 6.5715911 6.9058591 4.1690898 4.7059144 5.5427191 5.4469977 7.1050275 5.6778207 3.9928596 8.0330577 7.3249323 8.9999985 5.2723051 5.4214416 6.9907769 5.8036214 6.6992314 5.6333171 5.6775239 6.6145770 3.9346826 5.4167624 5.8465567 6.2591782 3.4695052 3.9691946 4.7944603 5.6363056 5.2723051 5.2804911 6.1209825 5.8376299 4.3442428 3.6263451 3.9015807 5.1804446 6.1717077 4.4207577 
sp_P22309.1_UD11.HUMAN  6.4061432 5.5615118 6.2156910 7.6876810 5.8661832 5.5014786 0.0000000 6.0942134 8.0631550 4.9670117 5.2476098 7.0760881 5.1160450 6.6236607 7.4479666 8.9999987 6.5019653 7.7421326 6.3286735 8.6945558 7.4051483 8.2570846 1.2866461 5.1941368 6.2698252 5.3353776 7.0040524 5.6361508 4.5666687 7.7772952 7.2751597 6.7348352 7.4566518 7.6935449 6.6577466 8.5511969 5.3133767 5.9585968 7.7687608 6.2857950 8.5200554 6.0858988 6.7699593 8.9999990 6.9630738 8.0701678 8.9999989 6.6719986 6.6657959 7.2116937 5.7802637 6.9653580 8.4126807 8.9999980 6.0719421 5.8764089 5.8531265 6.6093933 7.2846656 5.9770958 5.5524955 5.0527748 6.7571646 5.9086611 6.2088428 5.7709135 7.0668575 8.9999987 8.8320639 8.3360668 6.2626330 8.9999985 8.6238802 5.6395932 8.4467059 7.2764771 5.4758597 6.9511972 7.8818144 8.9999988 8.9999984 8.6913007 5.2084851 5.7208347 8.9552166 6.3844718 7.1889944 6.8604488 8.9999989 5.7705491 5.6804953 8.9999990 5.0999411 5.7246210 6.3892207 5.7455690 6.3174006 5.1081651 6.7164223 7.0934734 8.5967282 7.0786966 8.4231981 5.6494517 6.2395852 6.8743498 7.7559686 7.7931881 7.1518432 6.8597196 7.4352358 8.9999986 8.9999989 6.6030230 8.1493310 8.9999986 6.0315198 0.4976631 7.3602805 6.8088109 8.2586390 5.5947555 6.1422273 7.9736685 5.3231915 5.0463083 8.9999988 5.7080244 6.8733028 7.1177335 8.9999988 7.8692629 4.3924493 8.7916191 0.4983931 8.9999985 6.3119709 8.8061078 7.7527168 5.0705770 8.3634322 5.8501766 8.9999987 6.2565767 5.9669044 6.0376628 7.8813227 7.8692629 5.0504588 5.6188696 5.7646726 5.8246077 5.4043449 5.3149588 8.4070435 8.6087975 7.3565098 
sp_Q9UHB6.1_LIMA1.HUMAN 7.1618376 4.4324321 6.8380618 8.9999984 5.3978788 5.0523021 6.0942134 0.0000000 5.7707523 5.1715278 4.8770785 5.6854103 6.2864014 7.5568806 6.2578673 8.9999986 6.9057972 5.0951665 6.8913655 8.9999985 6.2719054 7.3282999 6.8589794 4.9202802 5.4351888 5.4332137 7.6175331 6.0036431 5.5938168 6.8768028 6.3577182 7.2151485 8.3402625 4.8192164 8.1407226 5.7259008 5.5265379 6.0741312 7.5920695 4.4600296 6.3044978 6.2929315 5.7461417 8.0052894 5.9255054 5.3288519 8.9999983 6.1035002 5.3445324 6.8854971 6.2194118 6.3941487 5.9913189 8.9999988 7.5547359 5.7751252 7.4739366 7.0551225 5.4919734 6.5724127 7.0159658 5.6463185 6.2535333 5.6825338 6.3359814 5.9708576 6.3312382 6.0324262 8.1045533 8.9999988 6.2390991 7.2448577 6.3063029 6.7575069 5.3276113 5.5481078 6.3185626 7.0462412 5.9275511 7.5318984 5.6375706 8.9999986 6.7669299 7.2105823 6.4012669 5.9286408 6.4130394 5.4096512 5.8865413 5.6353350 5.7440563 8.9999987 7.8181279 5.7287008 5.9656355 6.2348500 6.2580951 5.8034112 4.8469298 8.4703092 8.9999980 6.0089436 7.7071854 6.1659218 4.5932137 5.1616482 7.4253833 7.3907890 6.8542113 5.8666627 5.3532385 6.5621037 6.3171092 6.7788691 6.8422406 7.0580937 5.6156418 7.0650805 5.6686610 6.8732972 7.1387505 4.8433650 6.6304681 5.8099031 8.0337511 6.1990263 5.8860658 5.3036459 7.8108348 6.3002880 6.9911160 5.0561170 4.8002294 6.7883948 7.1964788 7.2519910 5.3561106 7.1264322 6.1444586 6.6809285 6.1646961 5.8219590 7.2939292 5.4782069 5.9706737 6.0053799 5.2954829 5.0561170 5.7880878 6.7186556 7.3191583 5.7670046 5.1752663 5.2676004 4.7537405 6.7188790 5.5935126 
sp_P22307.2_SCP2.HUMAN  5.4307139 3.9923883 7.7011857 8.2363831 3.9867993 4.5359141 8.0631550 5.7707523 0.0000000 6.0118897 3.8581210 5.4562045 5.1952333 6.3777498 6.3711382 7.2955193 5.0005062 5.7360617 6.7282107 6.9495487 7.4497374 5.9431766 7.6184808 4.0898002 5.7815001 3.8138012 6.1915269 6.3520987 5.1583304 8.7672712 5.6668097 5.7268306 7.2645107 5.5916360 6.2701913 5.4899600 4.3663858 4.1381827 6.6775953 4.0430631 5.1981249 4.4528457 5.7860204 6.8024377 3.7703945 5.3645403 6.4331614 6.3124594 5.7460738 6.3128892 4.9361029 6.2796569 8.9999984 7.3175725 6.8936043 5.2917316 6.5983689 6.2652001 6.3639395 6.9700844 6.7559351 3.9651484 6.7842379 4.7623085 3.7072907 4.2844437 6.5709570 6.4626020 5.7677749 8.9562259 5.1408576 6.5535389 5.8437313 4.5511603 6.1466299 4.6538074 5.3117117 6.0238601 6.2285996 7.2996478 7.1425604 7.9302099 6.2189766 4.2838871 5.1816632 3.8845441 8.0099001 5.3733702 8.9999988 6.3671732 3.5485206 7.8372904 4.6747366 4.2394613 4.2579651 5.5778658 6.5337843 3.5905255 3.5898767 6.1401747 6.2776345 6.4314271 8.0040809 4.3736112 4.0083453 3.5711903 5.8045929 5.8844233 5.6711158 3.6137367 7.0749079 8.9999984 5.8472404 5.1679358 5.2341285 7.1850258 5.2693624 7.5617568 5.2540355 5.1312848 7.8220049 3.8865616 3.6760147 6.0100994 6.2200290 6.9054726 6.0678093 4.5510321 6.3313628 4.8280940 7.4052470 5.6461134 5.3251721 6.3746108 7.2600444 6.7903070 6.3542314 5.1449409 6.7409954 5.1487808 5.9371210 5.7162676 5.3368974 3.8624953 3.7982465 4.7726552 5.8768289 5.6461134 7.2423742 5.2967691 4.9956062 4.1941276 3.6076820 3.6567379 5.0776524 7.1890071 4.2830198 
sp_P28300.2_LYOX.HUMAN  6.7455467 4.1549897 5.0315985 5.2970994 5.4109422 5.3722847 4.9670117 5.1715278 6.0118897 0.0000000 4.0287025 6.2562759 5.3097821 5.8258551 5.7333193 8.9999985 5.8864003 6.0830540 6.1826333 7.0948044 5.9067323 5.7088485 5.0155616 5.6813201 4.8207600 4.3634682 7.0743343 6.9886955 5.4059352 6.7717175 5.3884646 5.0112793 6.0629769 5.0747292 7.0005383 6.6284342 4.6800709 5.2755965 6.6078313 4.6977187 7.2411981 5.6014260 5.2235301 8.9999989 5.7991781 6.5700079 8.6102880 5.8319393 5.1735138 4.1416245 5.2915495 5.5880389 5.4160270 8.9999988 5.9959189 6.4747223 6.2530143 5.9391133 7.1070202 5.4505291 5.8108861 4.7652312 5.8690891 3.8724448 5.4569247 4.7806071 5.2422986 4.9114292 5.2174038 8.9999986 5.3997153 5.5097564 5.6735047 6.5844043 7.3727845 6.0152636 4.1582816 5.5479137 6.4108872 7.5879569 5.3461584 4.7824964 5.6284749 5.6570673 6.9591380 5.4850238 6.0003510 5.6207755 5.4190846 5.6001650 4.6900475 5.6844066 5.3801044 5.3514687 5.5381488 5.4861595 6.7538542 4.1853258 4.2181642 4.7612490 6.1372895 5.7207713 6.1947089 5.9596519 5.0731920 4.2682473 5.6790890 5.2200966 4.4800913 4.9765721 4.6385679 5.4755244 5.0583352 5.8085526 5.5046767 5.3255419 5.3653392 4.8511079 4.7453137 6.0394894 5.4966751 4.7726400 6.2043834 6.6723198 8.0210672 6.7637344 6.2885917 5.8549784 6.7284769 6.3144598 5.8957431 5.0754504 6.7678814 6.2033714 5.0536055 8.6899262 6.0174906 5.3573110 6.2000163 5.9591140 7.0692776 5.2679245 5.6403975 4.6993711 5.5341692 5.1206466 5.1685055 5.0754504 6.9513479 6.6162603 5.8074609 4.9632736 3.7424381 4.7896488 8.1047164 6.4131381 5.2666722 
sp_P48443.1_RXRG.HUMAN  5.5454378 1.8229427 6.5279611 3.9636013 1.5431932 4.3559661 5.2476098 4.8770785 3.8581210 4.0287025 0.0000000 4.8131967 2.6374194 4.4354772 4.8049816 6.4082071 4.9107937 4.1191207 5.1713667 4.3976461 3.6204426 5.1651727 4.9065405 2.6492344 4.8252739 2.5982407 6.0481874 4.5828378 2.9578057 4.6482055 4.3324720 4.7202315 5.9244651 4.1462942 5.8514144 5.9008032 1.5889055 1.4643009 8.0539746 2.9427916 4.5849134 2.1039152 4.0552865 6.0642445 2.4035084 4.3420440 7.8951649 4.4947380 4.5473563 4.0189439 4.9282248 4.3022606 5.2252152 5.2941183 6.4401794 4.8247378 5.5880346 5.0508304 4.6081411 3.8297556 7.1784326 2.5259352 4.6682224 3.2657655 2.0789525 2.1503153 4.2761276 5.5709878 4.4151856 6.1187998 3.2703032 5.6301569 6.1315854 2.2739241 4.3536768 1.8102113 4.4649147 4.0555213 4.2614332 4.7255242 5.2178745 6.1441767 5.7841140 3.2902424 4.0987706 2.0187148 5.4948234 4.6798216 5.5198466 4.1827141 2.4263032 7.3810780 4.0078741 2.7891662 2.0957480 4.1753115 4.7316531 0.5575729 1.8773228 5.1132871 5.5245966 5.0596799 4.6527205 1.9876652 2.8788703 1.8198453 4.5871776 3.4816936 3.7872802 2.3444701 5.0485956 5.1404210 4.9081637 4.0602083 4.5020013 5.4547648 3.7278389 4.5604361 4.3458862 5.1070375 5.1542673 2.7370515 3.5141879 4.6426552 4.0992560 4.8041638 4.5906437 2.8578487 6.0083163 4.1486926 5.4706467 4.1332205 3.1985407 4.0340674 4.7209537 6.0527015 4.4456831 3.5635007 3.5160653 4.7300667 4.2016074 4.6970884 4.2166718 2.8476781 2.0125869 2.3963046 3.9644790 4.1332205 4.3241486 5.1534411 5.0023120 1.4434877 0.3866561 2.4870183 3.8828081 4.6274634 2.2777885 
sp_P43686.2_PRS6B.HUMAN 7.6132542 6.1465657 7.9811656 7.5824559 4.6084048 5.2746921 7.0760881 5.6854103 5.4562045 6.2562759 4.8131967 0.0000000 6.3120005 7.1556656 5.3580060 4.7270971 6.5108915 7.4297194 6.7362112 6.2902111 6.7067776 6.4973656 8.4415592 4.5172347 6.2059820 5.2555452 7.2650292 6.0313337 6.1564794 5.7868139 6.0754984 6.0393274 6.8687441 7.1391957 7.0344353 5.7350292 4.7506170 4.8619266 7.6429374 4.5549173 6.0835963 5.0328172 4.9740255 6.2422211 6.7770850 5.7378668 4.8587587 5.4431367 5.6727368 6.1853799 7.3819161 6.6401781 6.4273830 7.8350832 8.7085176 7.2916308 8.9999985 5.5981007 7.0725038 7.0090379 7.8765425 5.3723799 8.2091460 5.3693672 5.5536472 6.0622012 6.6176638 6.5607436 6.2482130 6.0241847 5.5257771 5.7125359 7.1500998 5.8245884 5.2223321 5.5135402 5.7652209 6.8533661 6.5239553 5.2283329 5.9128263 5.7260092 6.8659219 4.8406608 4.1665826 5.0073207 8.6194606 7.1787892 8.0586816 6.6451177 4.9373831 8.3573003 7.1198079 4.0645429 5.2475241 7.6316338 6.4862706 5.1498589 4.2360526 5.3732890 6.0520979 6.3122197 5.8899787 5.3242085 4.5806768 4.0410602 5.2999987 5.2998405 5.8890693 5.4412782 7.1464457 8.2933565 5.6359511 6.8303249 6.9267587 6.0469933 6.3140460 7.3406266 6.9857569 7.8022569 8.5225178 4.5607615 4.4823755 5.8201074 7.5619828 5.8907346 7.2448082 6.1003113 7.3011270 7.5356044 8.8918830 7.1709664 7.0963202 5.8368180 7.6206181 7.2446530 6.3186418 6.9268762 6.3811976 5.2612451 4.0086774 5.9900627 7.5814801 5.1617061 5.4890799 4.9146610 7.8052525 7.1709664 5.2153397 6.7460306 6.2655849 4.5855471 4.5011656 4.7232208 6.6592053 5.7843562 5.9956690 
sp_Q92731.2_ESR2.HUMAN  6.1597058 2.6523838 8.1863993 5.6207618 2.7133791 5.8440417 5.1160450 6.2864014 5.1952333 5.3097821 2.6374194 6.3120005 0.0000000 4.6019219 5.4178012 5.9978230 4.5678992 4.8535430 6.8341134 4.8227862 5.8101438 6.3147312 4.9533234 2.6463492 3.9508398 3.2176921 6.8402906 5.2417066 4.1377852 5.4867992 6.9180105 5.8097923 7.5238840 5.5835104 7.0456160 5.9612463 2.2679963 2.9995324 7.3052829 2.9548748 6.5376101 2.7209113 4.1738573 8.8081540 3.5282960 3.7991630 6.1653304 4.8140545 4.2752806 4.4103881 5.8460432 6.1612363 7.0693923 7.5518516 8.9999989 5.7522217 6.6674673 6.0918968 5.7585548 5.4069713 7.9120544 2.9399302 7.5070062 3.6950963 1.7360601 2.9269567 5.6169380 5.3675159 5.2760628 8.9999984 2.6533832 5.2380766 5.5268000 3.5182846 5.9590209 2.7303706 4.0276282 5.7405741 5.1023976 4.6088509 5.8736732 6.4488012 6.9752098 4.3578521 6.0103420 1.8809818 7.0079462 6.5756082 8.0807074 5.1957204 3.0234553 8.9999982 4.0274422 3.0945181 2.7236352 4.0134204 5.4846527 2.5375820 2.5753427 4.9406552 6.8019294 5.2254757 5.0176876 3.2247191 3.2303240 2.6420723 4.7282859 5.5429312 5.4980960 3.5459266 6.5692359 6.1783472 5.9461497 5.0670965 4.9571806 6.2352981 4.6378808 5.2801638 5.1806329 5.3272013 6.2178758 2.6253167 4.9495843 5.7117305 5.8272769 7.1229956 5.2688907 3.5856086 6.7951258 4.5114368 6.4992593 5.6003806 4.3841069 4.1588936 5.4375990 8.9999988 5.4467103 4.4964973 5.7416792 7.2306494 6.1714117 5.3182150 4.6554860 3.2122256 1.6346903 1.0249898 5.4222360 5.6003806 5.4244586 5.6394821 5.7027001 2.9650773 2.3517260 2.9726371 5.1825928 4.7358403 3.4826212 
sp_Q9NZV8.2_KCND2.HUMAN 5.5444896 4.1057092 6.8933691 7.1452648 5.2295597 5.7589537 6.6236607 7.5568806 6.3777498 5.8258551 4.4354772 7.1556656 4.6019219 0.0000000 4.8628451 8.1946920 5.5199370 6.0491440 6.4356358 4.7937735 7.0146803 5.5305007 7.8555958 3.9067022 5.7692097 4.0379120 6.6149259 6.8664177 5.2284393 7.1089506 5.0086464 5.7463638 7.4148221 5.2409960 6.7492830 7.2278029 3.8789160 3.9842190 7.9838532 3.5566630 6.6715289 4.4574714 4.6638434 6.8165927 4.3409123 6.5019087 7.0792352 6.6365500 6.6961822 6.0824158 5.9589018 5.5944294 6.0453547 7.5688250 7.0980454 5.7680737 6.4399160 6.1985576 5.9846016 5.6150196 7.7858429 4.0521534 6.1529768 4.8703786 4.8010993 5.2975546 5.5622985 6.1253591 4.6591769 7.1185750 4.7085209 6.1857309 6.5863095 5.2936750 5.1807882 5.0713147 5.0847927 6.3936190 6.1428442 5.8613947 5.3480159 6.5794165 7.1732171 6.4612742 7.4275849 4.3754499 7.1851349 5.9482152 6.8454124 6.3748663 3.8708795 7.5212413 7.4540471 3.7858274 4.5436215 4.2343015 7.1507910 4.5259164 4.2849178 5.7202001 6.8467940 5.9923526 7.9280024 4.4885293 4.1856234 4.3393349 5.5059835 4.4998598 6.3883355 3.6464605 6.7977496 6.5595890 5.8836134 6.1962940 6.9162314 5.4489389 5.3751595 7.8934903 5.9402995 7.2128575 7.3870425 3.5435828 4.0211731 5.8827517 7.1046758 6.1064930 6.2332996 4.8098176 6.5657870 7.0184638 6.8422207 5.4446228 5.0664319 5.0080751 8.0571430 7.1646380 8.1130747 6.2058051 6.3825200 4.8097952 6.8229169 5.8141636 7.9737439 4.5581361 4.8339307 4.6366939 5.5351491 5.4446228 7.9452001 6.2558050 6.0850128 4.2422394 4.2935541 3.9787465 6.0780366 6.3295268 3.8549875 
sp_P08910.1_ABHD2.HUMAN 6.7289208 5.3127750 6.0655207 8.0218852 5.3093382 5.7218824 7.4479666 6.2578673 6.3711382 5.7333193 4.8049816 5.3580060 5.4178012 4.8628451 0.0000000 7.3303617 6.4580039 5.6111441 4.9745864 8.3006906 7.2940656 6.9094943 7.5601920 3.9764293 6.3117464 5.2872445 7.4415855 8.5806726 6.2490842 7.7607113 6.9935760 7.5050347 6.8080248 5.5103945 7.7298901 7.6628778 5.6145931 5.4075106 5.7649491 5.4170921 6.7131093 4.6811650 6.5786810 6.4312808 4.9123600 6.1821628 5.9891222 7.0048147 7.0645912 5.8376863 7.0340213 6.6537191 7.2173674 8.9999981 7.0725653 5.4218375 4.7941900 6.3999039 6.4953046 5.8649274 5.7418619 4.7165526 6.5487876 5.9565798 6.1801569 5.5073241 6.2715006 6.7638106 5.4056787 8.9999987 5.4504846 5.4546848 7.2459614 5.1439763 6.7918588 5.7370311 7.5972176 6.1896674 7.1030653 7.4349735 8.9267834 7.1293796 7.6389218 6.5036071 6.0148361 5.8478255 5.8817979 8.9999987 8.3314350 5.6133461 4.9684845 7.0655543 5.8378082 4.4373462 5.4822860 5.2169207 8.0204483 4.7209105 5.1246664 5.3775852 7.5813265 6.1926449 8.0072002 5.4429043 4.7230161 5.0954702 5.8202733 6.3290197 5.3896767 4.9375371 6.9620794 7.6355026 6.2697937 7.0884056 6.3345218 7.6832764 6.2186572 7.3450897 8.0378920 6.1986943 5.6804439 4.5919202 6.3355516 7.3748274 6.7493452 6.6813755 7.1673079 5.8162199 7.0028056 5.9332512 6.9540837 5.8703913 4.9489235 5.2667741 7.5348723 7.0914759 5.7900715 5.3855117 6.8100588 6.8541527 5.5705879 5.2940858 5.6566463 4.8119128 6.3051530 5.8752387 6.3692739 5.8703913 6.5881547 7.6317289 5.8221638 5.2394056 4.2781047 6.4643959 6.4494113 6.5646888 5.3588565 
sp_Q6TCH4.2_PAQR6.HUMAN 7.4788491 7.2371037 8.9999989 8.9999990 6.3469467 5.5451500 8.9999987 8.9999986 7.2955193 8.9999985 6.4082071 4.7270971 5.9978230 8.1946920 7.3303617 0.0000000 4.6652873 5.3135776 6.2029699 2.0728007 8.4530549 6.7063753 8.9999981 5.1135927 6.7125111 7.0781002 6.0170072 8.9999989 7.1973102 8.9999981 6.3565478 8.9999983 8.9999988 8.6607272 6.2038286 7.4950048 6.2322594 6.9786895 8.7416007 7.2767860 6.7389935 5.6851358 4.2933463 8.9999987 7.3442132 6.6494159 0.9356115 8.9999989 8.9999989 8.9059816 7.1684839 8.4704358 7.8540467 6.4704675 8.9999986 6.7801342 6.2764020 6.9101796 8.2789876 7.3159766 8.9999989 5.6155418 6.3707194 7.1181528 5.8030039 5.4364969 5.9923854 7.6340678 7.2288555 8.5525641 6.6345563 7.0647479 8.9999990 6.6141520 6.6450551 7.3454147 6.5625957 7.6903260 8.9999987 8.9999990 8.9999987 8.9999983 7.3327966 4.2068625 7.9131741 6.0156344 8.8997026 6.8032733 7.3574262 8.9999989 6.1074772 6.4908486 7.1402222 6.6543330 5.4741646 7.4241557 8.9999982 5.7999168 6.3540987 7.0413140 2.4422172 7.0086033 8.1868161 5.8495384 7.5502250 6.6152392 8.9999984 5.3920679 8.9999987 5.7660693 6.6860103 6.0409346 6.4323603 6.3101148 8.9999989 2.4896862 8.0874368 8.9999989 8.9999983 8.9999980 8.0073469 5.5342747 8.9999985 6.5270762 7.5936534 6.4502150 7.6211909 6.9023001 6.3463529 5.4943353 7.8373307 7.1696860 5.8918075 6.1510656 8.9999983 8.9999987 7.8850186 7.2771992 7.8027178 7.1458370 7.8539510 8.9486343 8.9999990 5.4155667 6.8303904 5.9523083 8.4344697 7.1696860 8.2882055 7.5595923 6.1786075 6.9477338 5.6922999 6.1281377 7.7377739 8.7702610 5.9391493 
sp_Q86UW1.1_OSTA.HUMAN  8.9999989 4.8616108 6.8045847 7.2914247 4.3473261 6.9402118 6.5019653 6.9057972 5.0005062 5.8864003 4.9107937 6.5108915 4.5678992 5.5199370 6.4580039 4.6652873 0.0000000 7.2880144 7.6295889 6.2032072 7.5617046 6.6925194 5.7635043 4.0350387 6.3037176 4.4094591 8.2501986 8.9999989 5.9174061 6.5739657 4.8489408 7.7804035 7.3076966 6.2268708 7.8453543 5.4570548 4.8275611 6.0119355 8.2258328 4.3257937 7.9094878 4.1300561 5.6393743 7.7715727 5.3798907 5.1444095 7.2242815 7.0237091 6.4210935 7.5709494 5.9203045 7.6473082 7.2992731 8.2968904 7.3279080 7.0287491 6.5339558 7.0269755 6.2962324 7.2772675 6.2551319 4.2900707 8.6545749 6.0301488 4.2863319 4.6494014 6.7335166 6.8648844 5.5811264 5.8243687 5.6846840 6.5560493 5.6285040 5.9470263 6.8428116 4.5487389 6.4330059 6.6399210 7.3251595 8.6450068 8.7345797 5.4208425 8.5261297 5.7281053 7.9666807 4.6706847 6.2991653 8.2760774 5.7752516 7.6177141 4.1860355 8.3277216 5.1632540 4.5700351 3.7404417 5.2119215 8.9999981 5.5325085 4.0628826 6.0657460 5.3140734 6.5749740 7.7293864 4.6891215 5.0079404 4.4184236 6.9829939 6.7177951 6.3093716 4.3085549 7.6591487 7.2688130 6.9260626 5.5775874 6.5153139 8.9999990 4.9482314 5.6072315 8.8137805 6.2124374 7.8304273 3.5881814 3.8821120 7.5008524 6.8943285 7.5679427 6.1465460 5.2258711 8.1077595 5.6067472 6.9438863 6.5066017 5.8577074 6.2374658 5.6203556 7.5472710 7.0707885 6.7187732 7.1429617 4.7265977 8.2372662 6.6259831 7.3032008 3.7912554 4.7951213 4.4886877 6.4938308 6.5066017 8.9999981 7.7468092 6.2630828 5.9710280 4.9408451 4.2883596 6.6034874 5.9790521 5.0399165 
sp_Q13561.4_DCTN2.HUMAN 5.7273584 4.4147648 5.6733369 8.9999989 3.7029917 4.5649189 7.7421326 5.0951665 5.7360617 6.0830540 4.1191207 7.4297194 4.8535430 6.0491440 5.6111441 5.3135776 7.2880144 0.0000000 6.6560472 3.9818057 5.1033569 6.1551211 6.4158685 3.5562131 4.6412642 4.2532287 6.2527372 6.6274908 4.0448080 6.6531732 4.6920552 6.7231136 8.9999985 6.7752055 6.4074740 7.0275656 4.2404264 3.9447038 6.4758421 3.8604313 5.6685274 5.1873443 4.6474957 7.2372730 4.4810048 4.2951375 5.8804841 5.3417394 5.3182242 5.7861797 6.3325254 6.6101289 7.0640273 7.0035996 5.3034414 5.4921262 6.1457422 5.7491467 6.5087155 5.7292866 5.6343373 4.6224135 6.2524820 5.9791050 5.4007411 5.6176736 4.5409089 6.9089931 6.8576881 8.9999986 4.1353599 7.3318293 7.2605131 4.5843194 4.9250808 3.6725175 5.8540297 4.9631878 6.3979180 6.6495945 5.7718942 4.9298380 6.0021660 5.7771395 3.8379837 4.6078843 5.1228195 6.1869219 7.1473307 4.8091314 4.6908727 7.6438504 6.6372291 5.4609917 4.5946347 6.1013443 7.1953646 4.5734639 3.8640246 6.0135042 5.6378586 7.5773956 8.9999985 4.0071403 4.0077575 3.5978090 5.8599959 7.1791332 6.1981267 4.0152603 6.6035490 5.0568111 7.2398829 6.3567887 6.6884579 7.0140095 4.9283718 6.3712330 5.8324098 5.9395260 5.5579600 4.2602839 4.0725089 5.5057232 5.3145292 6.6793775 4.9351756 5.0181258 6.0791811 5.2905271 6.1234152 6.8090029 5.4927821 7.7373446 6.4085326 7.1840559 4.4241711 5.6481017 5.2405144 4.4968621 4.0417095 5.2261536 7.1847011 3.6750880 4.9568901 4.9711763 7.2067765 6.8090029 7.2811127 7.0430598 4.2269154 4.2380288 3.9315763 4.7933620 5.3204098 7.1707423 4.3227370 
sp_P04062.3_GBA1.HUMAN  6.7933286 5.5279301 4.8366690 4.3113210 4.8289360 7.2131669 6.3286735 6.8913655 6.7282107 6.1826333 5.1713667 6.7362112 6.8341134 6.4356358 4.9745864 6.2029699 7.6295889 6.6560472 0.0000000 5.6749575 6.0870709 6.8665730 6.9108631 4.2178257 4.2403876 4.7128781 5.6058281 7.3364735 5.8502524 7.3626368 8.8098961 6.8563416 6.7551314 7.2470750 5.6199575 5.5637130 5.7679472 4.8835385 7.4246241 5.2838972 6.1474693 5.7128005 5.1227459 4.8970097 4.6524785 5.4701978 5.9890111 4.9933276 7.6239209 5.6449368 7.6679203 6.5484386 6.5781123 8.3415230 6.9067713 5.7312314 5.9816579 5.2918244 7.1309026 5.6576929 5.3723815 5.3927455 6.4811275 5.2205912 5.0893001 5.5358505 7.3073890 7.1550029 6.0268392 4.6922323 5.1706907 4.8837750 5.8296037 6.6691828 7.2789739 4.4577632 6.5016767 6.3436817 6.8866747 5.5585961 6.4862413 7.8486601 6.2531836 4.6273980 4.9082604 5.6788649 5.6138465 7.3371763 5.9821917 5.1376690 4.1248527 8.3918205 6.9763123 5.1627797 4.7705419 5.7895541 7.0889071 4.9216006 5.0387339 4.3436052 6.5162207 6.6452315 6.8878336 5.5220088 5.7477274 5.2970588 7.6222192 6.2555768 7.9623298 4.8178326 5.6757745 7.4623450 6.9371287 6.2453659 6.4817911 6.7272252 5.4055669 6.7226699 8.6716291 7.4823220 6.4986227 4.7495529 3.7784367 6.3927994 6.3095899 5.6576072 6.5659056 4.4610765 5.4587071 5.8642917 6.6814384 7.0221982 5.1001357 5.4173758 6.8696467 4.8984184 5.6778348 6.3812187 5.8192164 7.1823852 5.1665629 5.7784723 6.9630377 4.5835386 5.2049684 6.1943245 7.9427217 7.0221982 7.5744238 5.7985495 4.6711128 4.6461025 4.4156260 5.3495621 6.3400025 5.3275089 4.3930217 
sp_Q8TEZ7.1_PAQR8.HUMAN 6.2477700 6.1749407 5.9289112 6.3765016 3.9697798 6.3469656 8.6945558 8.9999985 6.9495487 7.0948044 4.3976461 6.2902111 4.8227862 4.7937735 8.3006906 2.0728007 6.2032072 3.9818057 5.6749575 0.0000000 6.0270096 5.2676345 8.9999990 4.8390706 4.6883776 4.9338373 7.6523048 8.4792451 5.5200975 8.9999989 5.8253048 7.0007226 6.6724566 7.0742249 8.0059303 5.7295508 4.0984915 4.8016929 8.5914531 5.3900105 4.7639054 5.0633842 5.9431920 8.0453909 5.9323024 5.6086103 2.1311855 8.9999989 6.3851123 7.8863069 7.0988054 5.1589751 8.9999987 6.7738501 7.6220264 4.4303548 7.2722345 6.9516632 8.9999986 6.9752126 5.5266139 4.6404927 6.5159393 6.5630169 4.4664940 4.8522188 6.5333509 5.5180786 7.1199884 8.0656766 6.3588217 7.6342948 7.9801610 5.9284320 7.2572117 5.6346453 7.6851042 7.8650985 8.5808735 6.6837492 7.8208616 8.3029705 6.7136610 5.1816860 5.3755897 4.3615953 5.3859678 8.9999989 8.9999980 4.7559589 4.1294904 8.4540695 8.9999988 5.3470558 5.2733501 5.9955417 8.9999984 4.7211197 4.7303864 6.3357961 1.1027767 5.4573563 7.6552253 5.3342961 5.6318143 4.0649249 7.5119890 6.2344197 8.0214994 5.4365828 6.3464624 7.0912674 7.3961076 8.2401522 8.9999986 2.7276616 6.5781068 8.4282733 8.5138834 8.9999981 7.1828766 4.1161156 5.3830497 7.2944004 5.9203019 6.0420584 8.9999988 4.9376309 7.9130888 4.9564307 6.0434903 6.7738102 6.4679234 4.9821995 8.5240816 7.9753709 5.3661296 7.5785986 6.2151531 6.9823309 6.3879046 8.9989268 8.9999988 4.3096960 4.9366120 4.6325900 7.1175245 6.7738102 7.8759940 5.9409959 4.9875241 4.5549348 4.3573994 5.0484772 5.6888678 6.8345185 6.6806902 
sp_O14576.2_DC1I1.HUMAN 6.3139551 5.0267819 8.6594916 8.9999988 5.5955769 6.4043384 7.4051483 6.2719054 7.4497374 5.9067323 3.6204426 6.7067776 5.8101438 7.0146803 7.2940656 8.4530549 7.5617046 5.1033569 6.0870709 6.0270096 0.0000000 6.6915951 7.1610891 4.4957879 6.0687222 5.4428380 7.3239506 6.1431300 5.6503716 6.2196128 5.5536488 6.9678265 8.9999982 6.5535844 7.4395658 5.4483671 4.5979889 5.3436650 6.4505805 4.7552399 6.1802314 5.7162758 6.4929462 6.0381599 5.1276805 5.3027339 8.9999989 6.5851789 6.1356445 5.6711198 7.2321357 8.1896134 6.5181785 8.9999989 7.9991877 6.9743702 6.2190855 6.6148799 7.4485520 6.0772311 8.1466089 4.9648224 7.5892916 6.8407654 5.5470237 5.3657546 5.8098336 6.4302760 5.5117064 7.5909865 6.1346499 8.1447882 6.5799091 5.8996192 6.3923361 4.8447416 6.3181517 8.4367513 7.2392135 7.0310203 5.5607287 7.6457151 7.9317747 5.6070486 4.8591304 5.1626419 7.6125475 5.7220497 6.3824412 4.6067184 5.9333152 6.9120559 5.9401396 6.1339952 5.8953700 5.3445714 5.9929547 4.2338079 4.1874348 7.0224854 7.0925095 5.9119386 7.7774728 5.8586707 4.1000700 4.1103338 6.2414866 5.4311847 8.4663286 4.7665194 7.2346541 6.7262295 6.2832244 6.2217299 8.0756046 7.6750626 5.6560699 8.7179889 4.8478292 8.6700334 7.0240828 4.7229442 4.4670740 5.4529254 6.0142861 7.6998860 6.1145078 6.3011316 7.2246012 8.3024370 8.5083999 6.4449435 6.3373975 6.3224194 8.6623753 6.4440355 5.4571919 7.5601911 0.2974334 6.0848743 5.4206494 5.7189422 8.8911266 4.3358767 4.8296044 4.4880762 6.6433052 6.4449435 7.6175561 5.8800259 5.6197764 4.9165283 3.4848654 5.3212299 5.8925174 7.0394208 4.5937845 
sp_Q9HCD5.2_NCOA5.HUMAN 7.8671394 4.4853515 8.1473207 5.8589680 5.2403330 5.8084786 8.2570846 7.3282999 5.9431766 5.7088485 5.1651727 6.4973656 6.3147312 5.5305007 6.9094943 6.7063753 6.6925194 6.1551211 6.8665730 5.2676345 6.6915951 0.0000000 6.1103719 4.9947229 5.7975871 5.6668657 8.1302449 7.0362476 7.2257864 6.4623657 4.9979174 5.9522775 8.9999981 6.1185094 8.3288355 4.9611696 4.6256177 4.9644851 8.1624908 5.3895414 5.5227571 5.6701803 5.9631913 5.8422860 5.9052135 6.2963581 7.9945240 5.3864154 5.5080342 5.5672985 6.1737117 6.5642104 6.1037824 8.9999984 7.8309177 5.9474289 6.3609795 7.0525748 4.6332099 7.2977862 7.3844972 4.7663219 5.9127450 6.3294539 5.2955298 6.1181889 6.5791745 6.0844291 5.8459394 6.2722844 5.7466552 6.8993298 5.6760907 5.7428343 6.1824509 5.3123334 5.5865584 6.9165826 5.4883803 6.9872507 6.2275937 7.7807203 6.7577542 5.9343697 4.0966894 5.5434799 6.9101811 5.2109990 7.2971526 6.7360080 5.5609167 8.9999982 6.0480660 5.3151995 5.6564800 6.0781778 7.1465874 5.0512567 4.9909088 4.8759816 7.0546016 4.9432035 7.7029627 5.6900198 5.9571723 4.8013181 6.1259410 6.1828835 7.7011225 6.1454312 7.1064743 8.9196160 5.7978990 5.2532743 6.0972552 6.8646073 5.0944895 7.1029351 6.5157950 6.1372564 6.2034562 4.5305267 4.9059382 6.3691602 5.6018757 8.6869735 6.5634604 5.9536503 8.3022407 4.9833836 7.6048487 5.8720518 6.4106031 6.7668181 7.3012526 7.6028897 4.8775336 6.6114532 5.9578522 6.7063608 4.2128827 6.6707826 7.4207743 5.1578040 5.4678923 5.6794596 6.9191769 5.8720518 8.0604993 5.7010512 5.5722937 4.7832485 4.8741626 5.2171376 5.8770607 6.4710569 5.9437962 
sp_P16662.2_UD2B7.HUMAN 8.9999988 5.5485506 8.7559874 6.7402007 5.7725072 5.0942090 1.2866461 6.8589794 7.6184808 5.0155616 4.9065405 8.4415592 4.9533234 7.8555958 7.5601920 8.9999981 5.7635043 6.4158685 6.9108631 8.9999990 7.1610891 6.1103719 0.0000000 5.7301924 5.2117954 5.5489927 8.9999984 7.1537424 5.9426045 7.2472436 6.6393673 8.2463698 7.7105730 8.0357470 8.9999983 8.9999985 5.1871379 6.1434832 7.5428503 6.2141022 7.6454032 5.5145989 8.4222982 8.9760505 5.2339590 7.5844590 8.6488608 8.0833867 5.6435970 8.1952568 8.1849054 8.9999988 7.2193038 9.0000000 6.6979438 5.3621068 6.2192180 6.1563773 7.3372834 5.7394020 7.2657492 5.4306999 6.8093140 6.4854484 5.2871261 4.9992343 6.9213371 7.7332725 7.1436422 8.9999985 5.5454765 8.9937288 8.7291440 5.7225428 8.7203225 7.3778058 5.6288497 8.1504261 5.1921461 8.9999981 8.9999990 8.9999985 7.5912935 5.8393722 7.7696411 5.5527960 5.9746173 7.0049850 7.4033251 7.4974907 6.2035368 8.2234986 5.0476585 5.1926684 4.8566788 6.5556059 8.0167088 4.5686968 5.6349707 6.6703090 8.9999983 5.9562981 8.9999982 5.2847288 6.0794721 5.7744460 6.7582252 6.7455568 6.8718457 5.1900711 6.9945039 8.9999986 8.2947372 7.4318645 8.8643621 8.9999989 5.8174923 1.3604015 8.1883492 8.0618971 7.9632119 6.3379597 8.2996199 8.0275068 6.0434687 6.7028402 8.9999985 6.0193700 8.9999988 7.8709311 8.9999982 8.4483466 6.6764037 8.9999989 1.3402802 8.9999988 6.5400037 8.2460346 7.0221889 5.3472604 8.0152056 6.3771966 7.9700683 7.1062888 4.9855853 5.7413979 8.9999986 8.4483466 6.5522397 5.5578900 6.8143243 6.1354455 4.6020271 5.1332240 8.5082749 8.9999982 5.3719221 
sp_Q14994.2_NR1I3.HUMAN 5.7427378 2.6743583 4.8513410 4.6123299 2.3391429 4.1714135 5.1941368 4.9202802 4.0898002 5.6813201 2.6492344 4.5172347 2.6463492 3.9067022 3.9764293 5.1135927 4.0350387 3.5562131 4.2178257 4.8390706 4.4957879 4.9947229 5.7301924 0.0000000 3.8933754 2.7205902 5.8554386 4.5342923 3.4485613 6.1261880 3.9790442 4.3294763 5.9688700 4.6061229 5.7660413 4.6950554 2.6924655 2.7792873 5.2698444 1.8627542 4.4362185 3.0303255 4.4507856 7.1097142 2.6438666 3.7039172 5.3076245 4.8256375 4.8427393 5.0198916 3.3796544 4.3972097 6.6732944 5.7310396 5.8593814 5.5323682 4.2605716 3.8021556 3.7782689 3.5237901 4.5929119 2.4854366 6.1358001 3.7178442 2.5887628 2.9399789 3.8178034 6.9085842 4.3410177 8.9999987 2.7588357 4.2513870 4.0799030 2.8799134 4.5354289 3.1252584 4.7644012 4.3753567 4.6854000 4.5240004 4.2629273 5.4548502 4.1475509 2.9293130 4.1045897 2.5352615 5.2300923 5.6173441 6.3262720 3.7148812 2.5900002 7.0851861 3.2800987 1.9775563 2.9140295 4.5745082 4.6301485 2.6784984 2.0950672 3.7015710 6.5314439 5.4145530 4.9754077 2.8414311 1.8073967 2.1727788 5.7499924 3.8370644 4.3494444 2.4397469 6.0120776 5.2245992 4.0514117 4.4564369 3.3427131 4.5578554 4.5943693 5.7939468 4.7970874 3.5781157 4.9096274 1.4330281 3.1867903 5.0076080 4.0920027 4.4936118 5.1472351 2.0571599 6.0784397 4.3976927 5.2701726 4.5699239 3.0021477 3.2801492 5.9715592 7.7416949 4.4945596 4.0613185 3.9283489 4.4319120 4.0422478 5.0617315 4.4277271 1.0020573 2.6375050 2.5764342 4.3237601 4.5699239 5.9095261 4.9764263 3.6990473 2.7876622 2.6534862 2.6321348 5.3401388 4.5631734 2.5617359 
sp_Q5SW96.3_ARH.HUMAN   6.2910299 4.5544054 8.4668134 7.2987373 5.6806255 5.6292013 6.2698252 5.4351888 5.7815001 4.8207600 4.8252739 6.2059820 3.9508398 5.7692097 6.3117464 6.7125111 6.3037176 4.6412642 4.2403876 4.6883776 6.0687222 5.7975871 5.2117954 3.8933754 0.0000000 4.1483220 5.1845089 5.6925858 5.9778418 8.5917590 5.8417368 4.9301598 8.8779737 5.2457016 5.8647671 4.8508092 4.7827420 4.9617218 6.3814959 4.4650987 6.5293506 4.5819496 5.2620837 8.9999988 4.5490109 6.2151665 5.0603351 4.3753460 5.5016801 6.4688256 5.7114671 5.8899072 5.5603700 7.3504403 8.9999989 5.5277802 6.8714087 7.2565152 7.1560057 6.1812006 8.1485383 3.9698831 5.4996499 4.7162005 4.7990846 4.5155295 4.9574791 6.2551648 5.8900685 8.0213958 5.2224832 6.1902899 7.1357764 4.7520255 6.6462102 4.8528673 5.7817232 7.4030962 4.4640474 7.0142698 4.5147251 5.5786412 6.6394166 5.5107671 4.2606260 4.8532552 7.7983913 6.2533238 5.9968540 5.7803774 4.1924254 6.8291668 5.5721170 5.5417695 4.0061413 5.7474497 5.6187485 5.2315873 3.7945695 4.6876858 7.2976462 4.4940186 7.7810195 4.5483975 4.5256099 3.9193285 5.3890967 4.3484078 5.9793541 4.6433151 5.8422623 6.6413524 4.7002008 5.3915191 5.6648114 6.5410466 4.3362209 5.7328915 5.5496287 4.8898056 6.9227799 4.6093976 3.8474846 4.9520577 4.9244041 6.9064823 5.7118160 4.1638764 5.4352426 6.1908334 7.3977267 5.0320064 4.7818233 5.6482377 5.6084674 8.8577848 4.2422205 5.2106775 5.6292961 4.8426220 4.5663533 5.0920538 6.2162745 4.3470664 5.1834488 4.5966311 5.3483045 5.0320064 8.3093124 4.8866253 5.1113956 4.9055483 4.5003142 4.0201464 5.8318660 6.8551277 5.1533063 
