116
sp_P45996.1_OMP53.HAEIF     0.0000000 0.9249631 5.6783004 4.0520375 3.7217475 5.3292340 4.7858116 0.9771391 2.0954005 3.9621670 0.1545160 5.7425241 5.6837023 4.8151294 4.7890320 5.5377694 4.2796462 5.5473022 6.3871784 0.9655617 5.1093212 3.7232374 3.5445815 3.6879898 4.1429350 5.4411122 4.9434305 4.2532076 0.9524604 5.3934293 0.9752741 6.4234634 0.9740451 5.8696215 5.2766401 5.2766401 0.8933053 4.3699437 4.3460121 2.7227945 1.0325241 2.6621345 4.7634330 0.9306706 1.1037082 0.9103404 3.9151521 4.9733111 2.0141342 2.6710611 0.8971149 0.9701640 4.5367016 5.6621559 2.0121988 5.1524168 0.8854937 5.8576679 4.9434305 4.2065290 4.3346361 5.4951707 5.3790333 5.3790333 0.8933053 5.5520251 5.2500012 5.1524168 4.3355247 5.8855017 4.7528458 2.2032056 0.9721054 4.1179654 5.4373846 4.2876110 4.8814745 1.9986978 5.5520251 5.7372401 4.7528458 3.5211548 4.2677564 5.3430503 5.4433882 1.5668105 1.0325241 4.2234100 6.3871784 3.9811993 5.6783004 1.1124497 2.6481485 2.5377675 6.3055552 4.7373857 4.3417921 4.5014222 5.3438336 0.4589092 0.0809661 4.7528458 5.3157552 5.5219535 5.8855017 5.7253621 4.7664712 4.2876110 5.6904579 4.8005234 5.8871863 6.3871784 1.0848662 4.2591881 4.2095542 4.6398099 
sp_P02935.1_OMPA.SHIDY      0.9249631 0.0000000 6.8152045 3.2818499 3.9449174 5.8229282 3.9470459 0.1128487 1.5636180 3.5183416 0.8976671 4.9080730 5.4819921 4.6707794 5.3725304 4.9468833 3.9898117 6.2605918 6.1358718 0.0383271 4.2320432 3.3926531 3.0460574 3.3293806 4.1845103 5.3869104 4.6503200 5.1108359 0.1693440 4.1208933 0.1677001 6.1662680 0.0773883 4.9548368 4.2497365 4.2497365 0.0213257 3.8867121 3.9165586 2.1915751 0.3213494 2.2850484 4.8568364 0.0089160 0.0525534 0.0926167 3.5645397 5.8474026 1.5524051 2.5690440 0.0085189 0.0766214 4.7115479 4.7001549 1.5777056 4.6587558 0.1652957 5.7099292 4.6503200 4.2954771 3.9621749 4.6792421 3.7297206 3.7297206 0.0213257 5.2150374 4.5652685 4.6587558 3.9581668 6.5363149 5.3330171 1.6995970 0.1887037 3.2564612 5.2103321 5.0719904 4.2460707 1.5679258 5.2150374 5.6434023 5.3330171 4.0021398 4.0438238 4.6396714 4.9167107 1.2868698 0.3213494 3.3024967 6.1358718 3.5637797 6.8152045 0.3795289 2.3956415 2.3929977 7.9424350 4.6050331 3.5435253 4.4310988 4.6025160 0.9892562 0.8954062 5.3330171 4.8640537 5.2903434 6.5363149 5.6463631 4.1282701 5.0719904 5.6137789 3.9554391 6.4981051 6.1358718 0.2843045 3.6301889 3.8928530 4.2755253 
sp_O31101.1_SRPC.PSEPU      5.6783004 6.8152045 0.0000000 5.3457176 4.9809223 3.5202416 5.7228554 7.4304785 4.9444548 5.7466316 5.7712778 7.4680600 3.4172658 7.1435393 0.7180997 7.6266493 6.4687956 3.6048259 2.7253421 6.2323083 6.1007263 5.5508354 4.7676651 5.9044404 6.2357425 5.1614615 4.3004919 1.1782667 6.5641006 4.6052030 6.1458014 2.7180806 6.4269674 5.5124640 5.0171451 5.0171451 6.3306604 6.4748236 4.7389311 5.8312283 6.4761368 5.8360744 5.0461312 6.8152045 1.6327584 6.8752728 4.8807972 2.7853878 5.1255028 5.3588508 7.7155359 6.3805372 5.9641593 6.1481375 4.9692699 5.7509091 7.0791000 2.7714348 4.3066559 6.6776583 4.9800395 6.1943116 4.7779154 4.7779154 6.3306604 4.9888155 5.1086117 5.7509091 6.0634122 0.6143237 0.7147684 5.2443361 6.6519208 5.0580988 5.0529624 1.1537242 3.2552322 4.9302610 4.9888155 2.7426532 0.7147684 4.4798293 6.3693141 5.1456363 6.4995078 5.3160515 6.4761368 4.8057482 2.7192741 5.1974306 0.0000010 7.3364226 5.6277731 5.7804696 1.1377351 5.9311386 5.3238683 5.6740010 5.7160482 1.6327584 5.4919282 0.7148154 4.1784599 5.0492599 0.6143237 2.7341832 6.2943397 1.1638568 2.7448983 6.4027510 3.5903351 2.7132101 5.7104523 5.2551850 6.0907817 5.5077667 
sp_O84879.1_PMPG.CHLTR      4.0520375 3.2818499 5.3457176 0.0000000 3.7865787 5.9371899 2.7807995 3.2804692 4.1637635 1.5255477 4.1484419 4.1536578 4.1142495 3.8868378 5.7215874 4.0870745 2.8165402 6.0360944 5.6882877 3.1730430 2.5725523 1.7213380 5.0835383 1.8307616 2.8412863 2.7653144 4.3143552 5.0640730 3.2800896 2.9149795 3.4346550 5.5910180 3.3605562 2.6938362 3.5248073 3.5248073 3.2960047 2.8633927 2.6969118 3.4766300 4.0106230 4.3171946 2.8047219 3.2683932 4.9882503 3.3687444 1.7477109 5.7461914 4.1733267 3.3849447 3.0352656 3.3767985 3.0820910 2.5844827 4.2314777 3.3070062 3.1587683 5.6620182 4.3287192 2.8606027 1.9832382 3.0786686 3.0556955 3.0556955 3.2960047 3.2343685 2.2043764 3.3070062 2.6223804 6.0393564 5.7080409 4.4072620 3.2150921 1.8085054 3.0876050 5.0291731 4.1006830 4.0986894 3.2343685 5.7451945 5.7080409 3.5984766 2.8706939 2.2072061 2.9583759 4.1610052 4.0106230 1.8188695 5.5783880 1.7823480 5.3457176 3.2689336 4.4566480 4.6161540 6.0042814 2.9749742 0.3041921 2.8108452 2.5957631 8.7308475 4.1071163 5.7206796 4.2123327 3.0540027 6.0393564 5.7341829 2.6345511 5.0385340 5.7463900 2.7640735 6.1622516 5.5694076 3.4510794 1.8450278 2.4122695 2.6182166 
sp_P59570.1_OMPK.VIBPA      3.7217475 3.9449174 4.9809223 3.7865787 0.0000000 6.6543584 3.6181103 5.2185071 3.4518687 3.6979369 3.7266672 3.9096589 3.7912126 4.3177819 3.6800552 3.9630347 4.0824080 6.0854958 5.9102713 3.8749013 3.7061319 3.8086347 4.7650866 3.5122535 3.9992303 3.3869175 3.7492401 5.1963171 3.8573637 3.7468716 4.5126920 5.5743173 4.0100891 3.9861538 3.7755370 3.7755370 3.9295841 3.3622744 5.8590443 4.4335501 4.6443055 3.9480951 3.3105256 3.9002175 9.0000000 5.3238527 3.8779435 5.0069319 4.1723182 4.3090985 4.6698263 4.0100891 3.3010828 3.8407640 4.1723182 1.7578459 4.6793002 5.5247095 3.7492401 4.1906345 3.7272939 4.2592777 3.6993649 3.6993649 3.9295841 1.9028833 3.8878348 1.7578459 3.6722031 4.2582965 3.6727199 4.0945582 4.0014840 3.3605410 1.8402720 5.2834285 5.0745869 4.1784848 1.9028833 5.8056374 3.6727199 0.1941210 4.1711038 3.4347791 4.1502042 4.2670868 4.6443055 3.8596425 5.5743173 3.7572548 4.9809223 5.2749569 4.4796773 4.5808362 5.7577783 3.3558748 3.6147417 3.5617151 3.8480457 9.0000000 3.7293820 3.6727199 3.1510452 1.8417549 4.2582965 5.7663646 3.8429730 5.1963171 5.8110631 3.9161766 6.9210712 5.7312505 4.3971798 3.7758110 3.6897619 3.4948206 
sp_P02930.3_TOLC.ECOLI      5.3292340 5.8229282 3.5202416 5.9371899 6.6543584 0.0000000 5.7844777 7.2584581 6.3576565 5.5396042 5.8281789 7.8164653 3.5683332 6.2649060 3.4219789 8.2352028 5.8942145 0.9714038 3.9456636 5.8403756 7.5045365 5.5467348 5.2673676 5.0538006 6.1265181 5.8635708 4.1408815 3.1074121 6.2966929 4.7020337 6.2117483 3.9476390 5.8012098 6.2037036 5.7652273 5.7652273 5.7250667 5.8911341 6.3969091 5.6321663 8.8660602 5.5886130 5.3928660 5.8229282 3.2515840 7.1442876 4.9783337 3.6508667 4.5263780 4.9863445 6.8886993 5.7300577 5.8560679 7.0420081 4.4449194 6.3019820 7.6168627 3.6718128 4.1446462 6.2912014 6.2512905 6.4189660 4.7600895 4.7600895 5.7250667 5.9221580 5.8580097 6.3019820 5.7296680 3.2906673 3.4145866 6.1559139 6.2023554 5.6148752 5.4761146 3.1289341 3.4727387 4.5788049 5.9221580 3.6864960 3.4145866 5.9058326 5.8229175 6.4878020 6.1952954 4.5118120 8.8660602 5.8304129 3.9751429 6.0918270 3.5202416 7.3661278 5.9345459 6.8099140 3.5389638 6.2183475 6.0583076 5.9139553 6.8368724 3.2515840 5.2512418 3.4145866 4.3152737 5.7622991 3.2906673 3.6938017 5.7823195 3.1751744 3.6704597 5.9397465 0.1098587 3.9914926 6.2996215 5.4814736 6.8922066 6.6101182 
sp_Q9PL47.1_PMPE.CHLMU      4.7858116 3.9470459 5.7228554 2.7807995 3.6181103 5.7844777 0.0000000 3.8970339 4.6977000 2.5397213 4.6064970 4.4297885 4.5002262 3.6490503 5.5001967 4.4086703 1.9705604 5.9817342 6.0437054 3.7966194 2.9430015 2.6139977 4.7018379 2.5939027 3.5085097 3.2872569 4.5684909 5.3938089 3.9338675 2.5806195 4.2042468 6.0538080 3.8263204 3.0604088 3.5580412 3.5580412 3.8423261 1.8339083 2.6450865 3.9203807 4.4599428 4.5346628 3.2980180 3.9288544 4.3271264 3.8896235 2.9474120 5.4209883 4.2174375 4.1443599 3.7660665 3.8493242 2.2987634 2.8211451 4.2498577 4.1942423 3.7072164 6.2747858 4.5832038 3.5282622 2.6734705 3.1201591 2.6158741 2.6158741 3.8423261 3.9198128 3.0853024 4.1942423 3.2197534 5.5704123 5.4996555 4.8355323 3.7677729 2.5714341 4.1081852 5.3455388 4.4484216 4.0473681 3.9198128 6.4200224 5.4996555 3.4112318 1.8300640 2.9800661 2.9950576 4.3451249 4.4599428 2.4939587 6.0415391 2.7062111 5.7228554 3.9650189 4.5586710 4.6675089 5.4063017 2.2181126 2.7633713 0.3682522 2.9323978 2.3767000 4.7139913 5.4904968 4.8763649 3.9487707 5.5704123 6.3806151 3.2287296 5.3504304 6.4803365 2.8967915 5.8091056 5.9053426 4.0048544 2.6024036 2.8298076 2.8615003 
sp_P24754.1_OMPA.ATLHE      0.9771391 0.1128487 7.4304785 3.2804692 5.2185071 7.2584581 3.8970339 0.0000000 1.5906184 3.5697834 0.9462888 6.4269763 5.8089760 5.7010537 5.8437319 6.3470048 3.7467102 7.1457401 5.4325857 0.0871291 4.2483998 3.3056427 2.9246067 3.1614703 3.9684392 5.1946499 4.4212847 5.7163145 0.1834656 6.1925217 0.1400036 5.4653185 0.0760470 4.4154235 4.4325544 4.4325544 0.1075885 4.1697769 4.6247819 2.3166188 0.3796865 2.0370261 4.6251163 0.1031628 9.0000000 0.0693714 3.9454281 5.6471150 1.5071363 2.8808190 0.1031628 0.0712225 4.4976535 3.9220228 1.5376333 5.5958445 0.1820995 6.5071048 4.4212847 4.3704049 3.6324561 4.3622037 5.3679699 5.3679699 0.1075885 6.0691398 4.2519737 5.5958445 3.8413126 6.9690701 5.7920427 1.7028406 0.1634626 3.2085460 6.1434202 5.6638223 4.5349228 1.5284808 6.0691398 6.3722212 5.7920427 5.3049856 3.8779653 4.2366519 4.6765963 1.2631129 0.3796865 3.3336024 5.4325857 3.5682508 7.4304785 0.4048710 2.0998848 2.1243121 8.9999986 4.5666072 3.3993083 4.2693379 4.0385789 9.0000000 0.9459959 5.7920427 4.7200497 6.1976229 6.9690701 6.3651995 3.9494802 5.6638223 6.3272099 4.0314590 7.8159422 5.4325857 0.3354710 3.4377301 3.9319402 4.3197516 
sp_P57414.1_OMPA.BUCAI      2.0954005 1.5636180 4.9444548 4.1637635 3.4518687 6.3576565 4.6977000 1.5906184 0.0000000 4.1853349 2.0224479 5.3960207 5.4071535 5.4064735 5.2786016 5.4309657 4.5542794 6.6935055 6.6566623 1.5882860 4.4707539 3.7862557 3.1820579 3.7604759 4.4843968 5.2273751 4.7441903 5.4416442 1.6449019 3.8924592 1.6496969 6.6128000 1.5961940 5.0597253 4.2269068 4.2269068 1.5118828 4.0876386 3.6343238 2.5054416 1.6778148 2.9318318 4.5575074 1.5479555 1.2222523 1.5349685 4.2399217 5.1601065 2.2199004 2.3437017 1.5270745 1.5874685 4.9093019 5.7881462 2.2104622 4.3263271 1.5658030 6.8960608 4.7441903 4.6755167 4.0351050 5.5054425 4.2656969 4.2656969 1.5118828 4.4454933 5.5111941 4.3263271 4.2050236 5.4502485 5.2391244 0.5391305 1.5325069 3.7768988 4.2337957 5.3984968 4.3977026 2.1902079 4.4454933 6.7542690 5.2391244 3.1720058 4.7459230 5.2000021 5.4582988 1.8298957 1.6778148 3.7761450 6.6566623 4.0668875 4.9444548 1.6898009 2.9305777 2.9835641 6.1044831 4.6605947 4.5899532 4.7172603 5.5652434 1.3572996 2.0295948 5.2391244 5.0285178 4.2037231 5.4502485 6.7437605 4.3091871 5.3984968 6.7177597 5.4087236 6.5349349 6.6566623 1.6011508 4.0259169 4.6403182 4.9518412 
sp_Q9Z896.1_PMP13.CHLPN     3.9621670 3.5183416 5.7466316 1.5255477 3.6979369 5.5396042 2.5397213 3.5697834 4.1853349 0.0000000 3.8689959 3.7588588 3.3959890 3.8450959 5.4707650 3.8081585 2.5336276 5.8412501 6.0502517 3.5924132 2.1435566 1.4776985 4.9870774 1.5814976 2.6679087 2.8359772 3.7392361 5.4163850 3.6383792 2.5073580 3.5890720 5.9320675 3.5912278 2.5637662 3.0097690 3.0097690 3.5012551 2.3239771 2.7083491 3.7536556 3.7063778 4.6001125 2.7873163 3.5036219 6.3667288 3.6199401 1.5670359 5.2728203 3.8407697 3.4963179 3.2765476 3.5597134 2.7574106 2.3405860 3.8586352 3.8968518 3.2702424 5.7207462 3.7521322 2.5596218 1.7357765 2.8806804 2.7826485 2.7826485 3.5012551 3.8124030 2.1810137 3.8968518 2.3665363 6.1512292 5.4573282 4.0347167 3.5095433 1.6642614 3.7501110 5.3657597 3.8740450 3.6877051 3.8124030 5.6668847 5.4573282 3.3022038 2.6439188 2.1637899 2.8121883 3.5168796 3.7063778 1.4011006 5.9444907 1.6476445 5.7466316 3.2198707 4.6312100 4.3269463 5.8810046 2.6697874 1.6310328 2.6324056 2.3412539 3.5423819 4.0185443 5.4701264 3.7387272 3.6769385 6.1512292 5.6654736 2.4823075 5.3122579 5.6791086 2.5366820 5.7424625 5.9213068 3.5241932 1.5683893 2.3654303 2.6046676 
sp_P43840.1_OMP5.HAEIN      0.1545160 0.8976671 5.7712778 4.1484419 3.7266672 5.8281789 4.6064970 0.9462888 2.0224479 3.8689959 0.0000000 5.3951867 5.2096706 4.6943356 5.3477828 5.2490472 4.1467308 5.3298282 6.6269527 0.9266638 5.2609582 3.5287237 3.5674313 3.4300434 3.9411213 5.7973937 4.5495442 5.1319773 0.9566383 5.0699472 0.9940996 6.6643788 0.9465121 5.6819082 4.3505728 4.3505728 0.8706290 4.2151106 4.4606897 2.6959782 1.0205272 2.6148094 5.0054222 0.9034007 1.0587865 0.8730316 3.8951253 5.1423865 1.9756647 2.6031988 0.8603814 0.9408864 4.5992359 5.5491403 1.9739836 4.6147899 0.8792978 6.5501746 4.5495442 4.0055899 4.5050196 5.1193678 5.1451406 5.1451406 0.8706290 4.8663310 4.8749112 4.6147899 4.0847532 6.3604328 5.3063192 2.1268317 0.9592474 4.0367495 4.8323619 5.1746225 4.7903696 1.9835501 4.8663310 6.3116071 5.3063192 3.5455076 4.2269226 4.9819201 5.1291956 1.5071890 1.0205272 3.9364190 6.6269527 3.7447584 5.7712778 1.1134179 2.5073917 2.4612108 7.5763022 4.7034739 4.3005121 4.4775707 5.2860239 0.4589092 0.0658366 5.3063192 4.8652425 4.8885197 6.3604328 6.3063936 4.4934655 5.1746225 6.2730463 4.5563083 6.4819020 6.6269527 1.0828522 4.0624852 4.0838464 4.5547126 
sp_P75733.1_CHIP.ECOLI      5.7425241 4.9080730 7.4680600 4.1536578 3.9096589 7.8164653 4.4297885 6.4269763 5.3960207 3.7588588 5.3951867 0.0000000 5.1412265 6.4732877 6.7118024 0.0975108 3.9239497 8.9999984 6.3676036 5.2186170 4.2043213 3.9358738 5.6357916 4.2714645 4.1395347 4.5262921 5.7614003 6.1652450 5.0161769 4.8034434 5.1477859 6.0563506 5.2312514 4.7646816 5.1316002 5.1316002 5.0521798 3.8012877 3.7823585 5.3962764 5.3616318 7.2288564 4.6311113 4.8708629 4.3928169 5.9884603 3.9484682 8.1592833 6.7565261 5.0621485 5.7902982 5.2110352 4.2442297 4.6838411 6.8329052 5.1256753 5.9056975 8.2618261 5.7614003 4.5489822 3.8352216 4.2503132 4.3479630 4.3479630 5.0521798 4.7473248 4.2392246 5.1256753 3.6012137 6.9849783 6.6838383 5.0771097 5.0358305 4.1400004 4.4858829 6.2682629 4.8491193 6.5382136 4.7473248 8.2477260 6.6838383 3.7623890 4.1216692 4.1206563 4.4084296 5.2235849 5.3616318 3.5782868 6.0563506 4.7630522 7.4680600 5.7591098 7.3279666 7.4448462 6.3745386 4.6622562 4.4428483 4.1168478 4.2465762 3.8619471 5.7823881 6.6296922 5.7046453 4.4955193 6.9849783 8.2093236 3.7931728 6.1889763 8.2372563 4.2256770 8.1836418 6.1441502 4.6639780 3.9369244 4.0398564 4.1573172 
sp_Q8G0Y6.1_BEPC.BRUSU      5.6837023 5.4819921 3.4172658 4.1142495 3.7912126 3.5683332 4.5002262 5.8089760 5.4071535 3.3959890 5.2096706 5.1412265 0.0000000 4.6037075 3.7173790 5.0461171 4.1852229 3.8882957 4.3941472 4.6785670 4.1785325 3.3150951 4.4070384 3.3528529 3.5668100 3.5192194 5.2164117 3.2366870 5.4335950 4.3740204 6.1570103 4.4114308 4.8547083 3.4245179 3.6227844 3.6227844 5.0961265 3.8481006 3.3717024 6.6663987 5.6618497 6.4653941 3.3382917 5.4819921 9.0000000 5.4307175 3.6218883 4.3491827 5.3839249 5.7426100 6.0233261 5.0227510 4.1375379 3.8933864 5.4470356 5.5542479 6.1630437 3.7955274 5.2468464 3.7475728 3.6877865 4.1772026 4.4600278 4.4600278 5.0961265 4.9840839 3.3921741 5.5542479 3.8445112 3.5771283 3.7173790 4.9598511 5.0117341 3.4209685 5.3016374 3.2414665 3.6097007 5.2983095 4.9840839 3.8382684 3.7173790 3.8191954 4.0048645 3.5939178 3.9137621 6.0951456 5.6618497 3.4563012 4.4336375 3.2839066 3.4172658 5.8614585 5.8361770 5.2002935 3.5987091 4.2085382 4.1738444 4.2633720 4.1602408 9.0000000 5.6291554 3.7173790 5.2205474 5.2497000 3.5771283 3.7868791 3.8737598 3.2059403 3.8336878 3.5530542 3.7465926 4.4873331 5.0087343 3.2485963 4.4356342 3.5964417 
sp_Q47706.3_UIDC.ECOLI      4.8151294 4.6707794 7.1435393 3.8868378 4.3177819 6.2649060 3.6490503 5.7010537 5.4064735 3.8450959 4.6943356 6.4732877 4.6037075 0.0000000 6.4505544 6.7356559 4.0149539 6.4254240 5.4074293 4.3284298 4.0193215 3.3154981 4.8937914 3.3098776 4.1674185 4.1541326 5.3376007 6.8950682 4.8099830 3.5053098 5.3823187 5.3035380 4.8422613 4.0353217 5.1326021 5.1326021 4.4724522 3.3977380 4.1361085 5.0998338 5.0370962 7.2887580 4.2439915 4.6508741 3.7320397 6.3480069 2.9788200 5.8114806 5.8848309 4.2331140 5.9540457 4.7287405 4.5723096 4.4998087 5.8848309 5.8272333 5.9980012 5.3044258 5.3691071 4.0281144 3.9258228 3.7980209 3.0933472 3.0933472 4.4724522 6.0170898 3.8641657 5.8272333 3.7432512 6.3135523 6.4505544 5.5703155 4.4158700 3.5672522 6.7366307 6.8078193 4.0477409 5.7092833 6.0170898 5.3118931 6.4505544 4.1656189 3.8495514 4.0856376 3.9609403 4.2163597 5.0370962 3.5330904 5.3253467 3.5341037 7.1435393 6.0082383 7.7344671 7.1396703 6.3923200 3.9442855 4.0686287 3.5826123 4.9037385 2.1759937 4.8125471 6.4505544 6.1022864 6.6077919 6.3135523 5.2920558 3.8310596 6.6406216 5.3054218 4.2812857 6.7623505 5.3878226 4.9420073 3.3025134 4.5327122 3.6496710 
sp_Q9WWZ8.1_TTGC.PSEPT      4.7890320 5.3725304 0.7180997 5.7215874 3.6800552 3.4219789 5.5001967 5.8437319 5.2786016 5.4707650 5.3477828 6.7118024 3.7173790 6.4505544 0.0000000 6.8223862 6.0960028 3.9539853 2.6918780 5.0046342 6.0144668 5.0709744 4.7388783 5.7160363 5.5812627 5.3273219 4.4031801 1.2290143 5.2313657 4.0386143 5.3555103 2.7490341 4.9762632 5.5529686 4.5979317 4.5979317 4.9889632 6.5052882 5.2784065 5.6371455 5.4540776 5.3898095 5.3377291 5.3725304 1.6327584 5.6004399 4.7409208 2.7087068 5.6268884 5.5915831 6.3136600 4.9485835 5.4935141 6.0109345 5.4441871 4.8181738 5.9181242 2.6051840 4.4097395 5.7146559 4.9001397 6.3637588 4.0375596 4.0375596 4.9889632 4.1895181 5.7706536 4.8181738 5.5230607 0.6877055 0.0020803 5.7724120 4.7709134 4.8073975 4.5149102 1.2087106 2.9777931 5.3785809 4.1895181 2.5886256 0.0020803 3.5739452 5.3489244 5.5411378 6.5585312 4.3389459 5.4540776 4.8231791 2.7078113 5.3753382 0.7180997 5.7500384 4.8202810 5.4069122 1.1768407 5.6274021 5.5891106 5.5575896 5.7270499 1.6327584 5.1739888 0.0041713 4.3748150 4.4966018 0.6877055 2.5905475 5.8059241 1.2429755 2.5972295 6.0274010 3.4615182 2.7082758 4.6488091 5.1757939 5.8559696 5.4443806 
sp_Q7CQY4.1_CHIP.SALTY      5.5377694 4.9468833 7.6266493 4.0870745 3.9630347 8.2352028 4.4086703 6.3470048 5.4309657 3.8081585 5.2490472 0.0975108 5.0461171 6.7356559 6.8223862 0.0000000 3.9631683 8.9999987 6.5250433 5.1580565 4.2859597 3.9273288 5.5638964 4.2433643 4.2241222 4.4847185 5.9807351 6.1651954 4.9412227 4.7473525 5.1035795 6.2074016 5.2086667 4.6466947 5.2171559 5.2171559 4.9889880 3.9164847 3.7331320 5.2989423 5.3062826 7.4595671 4.6018672 4.9097074 4.3928169 5.8621530 3.9228614 8.4394365 6.7334811 5.1179910 5.7641243 5.1887193 4.2382272 4.7676477 6.8094246 5.3272347 5.5954037 8.2282074 5.9807351 4.6053760 3.8592713 4.1748147 4.2829001 4.2829001 4.9889880 4.9191693 4.2871079 5.3272347 3.6850076 7.1391993 6.7943791 5.1081688 4.9907302 4.1541179 4.6682257 6.2702523 5.0239715 6.5163157 4.9191693 8.2242737 6.7943791 3.6873321 4.0166437 4.1822872 4.2561173 5.1712843 5.3062826 3.6807611 6.2074016 4.6794005 7.6266493 5.4718129 7.4500818 7.6180001 6.7382788 4.6740490 4.3684857 4.0547061 4.3045161 3.8619471 5.5847567 6.7413006 5.9220305 4.6780089 7.1391993 8.1855052 3.8581071 6.1893826 8.2137165 4.1857905 8.6229925 6.2993367 4.4051413 3.9619538 4.1267008 4.2723242 
sp_Q9Z880.2_PMP18.CHLPN     4.2796462 3.9898117 6.4687956 2.8165402 4.0824080 5.8942145 1.9705604 3.7467102 4.5542794 2.5336276 4.1467308 3.9239497 4.1852229 4.0149539 6.0960028 3.9631683 0.0000000 6.4783046 6.5700624 3.8452572 3.2056629 2.4643419 5.1057383 2.4575547 3.2733179 3.0715706 4.0661986 6.0793326 3.9391525 2.3355552 3.9170644 6.5126378 3.9836963 2.9590670 3.7080492 3.7080492 3.9009537 1.4524031 2.7911137 3.5653131 4.4382342 4.5048036 3.0948386 3.9840321 3.4796540 3.9377142 3.0719405 6.0213271 4.5234277 3.5732572 3.7420355 3.9662120 2.0569269 2.8050830 4.5690677 4.1158252 3.5907584 6.8291862 4.0793249 3.4025701 2.8395660 3.0409415 2.4693113 2.4693113 3.9009537 4.0011625 2.8510902 4.1158252 2.9185370 6.5093630 6.0819268 4.4780655 3.9048168 2.5345239 3.8491519 5.9761375 4.6158656 4.3548638 4.0011625 6.9891383 6.0819268 3.6649046 0.9129262 2.8654458 3.1502656 4.1449564 4.4382342 2.4632246 6.5171517 2.6724778 6.4687956 3.7275556 5.0218767 4.2128652 6.2803993 1.8309075 2.9981977 2.0141542 2.7965256 3.3171406 4.3964349 6.0872580 4.3217168 3.7835438 6.5093630 6.9884384 2.9859766 5.9777081 6.9609451 2.9902212 6.0344934 6.5351696 3.8875420 2.3788321 2.6376634 2.8576507 
sp_Q9K2Y1.1_TOLC.VIBCH      5.5473022 6.2605918 3.6048259 6.0360944 6.0854958 0.9714038 5.9817342 7.1457401 6.6935055 5.8412501 5.3298282 8.9999984 3.8882957 6.4254240 3.9539853 8.9999987 6.4783046 0.0000000 4.5817042 6.4090846 7.5067602 5.4655929 4.3603915 6.1580691 6.3450527 6.6928044 5.3319696 3.5009041 6.7206747 4.6065894 7.1125728 4.6518697 6.5284122 6.3711826 5.4035038 5.4035038 6.2242609 6.0946526 5.2767594 6.3855557 8.6078349 4.7462103 6.4514823 6.2605918 9.0000000 6.5611871 6.2668039 4.1660530 4.7667458 5.4308884 6.4075760 6.5048211 6.8002502 6.3962959 4.8657305 7.0083233 6.5662036 4.0343583 5.3431522 6.3048435 6.5100838 7.0179809 4.9390964 4.9390964 6.2242609 7.2287642 6.4964121 7.0083233 5.9286291 3.4979668 3.9398915 6.6204051 6.9014365 5.9732344 6.9772032 3.5171413 3.3115261 4.8139172 7.2287642 4.0114681 3.9398915 4.8819432 6.0931850 7.0404347 7.1754435 5.6534847 8.6078349 5.9212397 4.6089119 6.4403261 3.6048259 6.2093912 5.9831673 6.7696814 3.8158019 7.0337832 6.3011451 5.9384151 5.6806026 9.0000000 5.7904944 3.9398915 5.1543395 6.9078486 3.4979668 4.0048487 5.8055344 3.4770597 3.9907725 5.9720458 0.9533727 4.5890445 6.4175407 5.2375153 6.9206033 6.4070305 
sp_P33369.2_MDTQ.ECOLI      6.3871784 6.1358718 2.7253421 5.6882877 5.9102713 3.9456636 6.0437054 5.4325857 6.6566623 6.0502517 6.6269527 6.3676036 4.3941472 5.4074293 2.6918780 6.5250433 6.5700624 4.5817042 0.0000000 5.7323315 5.2394285 5.1959958 5.3782908 5.3894896 6.6470891 5.3955436 4.5041785 2.5525686 6.3194648 5.8206235 6.3547329 0.0260783 5.4775031 5.4547360 4.6468563 4.6468563 5.8426988 6.3694235 6.1070968 6.8550265 7.1747452 6.5661783 4.8993299 6.1358718 8.9999988 5.1667703 4.9231687 3.3897330 5.0996371 5.2470834 5.7387850 5.5552894 6.4152120 5.9122366 5.1374873 7.0807070 6.1135747 1.7215319 4.5192218 6.7992521 5.3188766 6.3245108 4.7455545 4.7455545 5.8426988 6.2548182 5.7948956 7.0807070 5.9484680 2.9193596 2.6890478 6.5253592 5.9046739 5.2638995 7.1627621 2.5752133 3.3685027 5.0408543 6.2548182 1.7025699 2.6890478 5.0758984 7.3513285 6.3227493 6.2875974 4.5450061 7.1747452 4.8337153 0.0194761 5.6934746 2.7253421 7.5253416 7.1612111 6.6763996 2.8982397 7.6317515 5.7192761 6.3010882 5.8925954 4.2101482 6.5681931 2.7067230 4.4955459 7.0236284 2.9193596 1.7037790 6.1318873 2.5293185 1.7082147 5.6219775 4.0553936 0.0175513 6.8195727 5.4643598 5.9455649 6.0078459 
sp_A0A2S4N3N0.1_OMPA.SHIFL  0.9655617 0.0383271 6.2323083 3.1730430 3.8749013 5.8403756 3.7966194 0.0871291 1.5882860 3.5924132 0.9266638 5.2186170 4.6785670 4.3284298 5.0046342 5.1580565 3.8452572 6.4090846 5.7323315 0.0000000 4.0789730 3.3570205 2.9842789 3.2954500 4.1832186 5.2349526 4.3897867 4.7988532 0.1598372 3.8645433 0.1814930 5.7595981 0.0530294 4.8455697 4.4052603 4.4052603 0.0286622 3.9283945 3.7691356 2.1855475 0.3249635 2.2671142 4.6642116 0.0286116 0.0525534 0.0670922 3.5463741 5.6364076 1.5331888 2.5578958 0.0224331 0.0530265 4.5644423 4.4870963 1.5585276 4.5811485 0.1596464 5.3407895 4.3897867 4.2679061 3.8190487 4.6978341 3.5035030 3.5035030 0.0286622 5.1099448 4.3901831 4.5811485 3.8146528 6.0147651 4.9675805 1.7321304 0.1886206 3.2443749 5.1177291 4.7636968 4.1314255 1.5460320 5.1099448 5.2832903 4.9675805 3.9310075 3.9176262 4.4513972 4.9298642 1.2671153 0.3249635 3.2471962 5.7323315 3.4893358 6.2323083 0.3758148 2.4471177 2.3793864 7.0559749 4.5745577 3.4375565 4.3046095 4.5686553 0.9892562 0.9281524 4.9675805 4.6035551 5.1972832 6.0147651 5.2892557 3.9697361 4.7636968 5.2568993 3.9329070 6.5291410 5.7323315 0.2789693 3.4784300 3.7755425 4.2346268 
sp_Q9Z3D6.1_PMP12.CHLPN     5.1093212 4.2320432 6.1007263 2.5725523 3.7061319 7.5045365 2.9430015 4.2483998 4.4707539 2.1435566 5.2609582 4.2043213 4.1785325 4.0193215 6.0144668 4.2859597 3.2056629 7.5067602 5.2394285 4.0789730 0.0000000 2.0360052 4.9259304 1.9662870 2.9884779 2.9447300 4.7242908 5.8065569 4.6335093 3.2044308 4.2846579 5.0356854 4.2083430 2.8935060 2.8839587 2.8839587 4.1462484 2.8238053 3.0255940 4.4115403 4.8102844 4.8418465 2.8055451 4.2023194 3.7164662 4.4523511 1.8130699 5.0087080 4.4067551 3.7511133 4.2983956 4.2083430 3.2201607 2.5338108 4.4007550 3.8372663 4.2626808 5.6175078 4.7443713 3.2576388 2.2507993 2.6651633 3.2811909 3.2811909 4.1462484 3.7844812 2.3852678 3.8372663 2.7102888 6.8351997 5.9927050 4.4950677 4.0947702 1.9701870 3.7696190 5.9040843 4.0350000 4.4201935 3.7844812 5.6508192 5.9927050 3.3551125 3.1072866 2.3458183 2.8269790 4.6088770 4.8102844 2.1046781 5.0534457 2.0640145 6.1007263 4.8848245 4.8016072 4.8243847 7.3414724 3.4555094 2.6542437 2.8931568 2.5917507 2.8497980 5.1037995 6.0043630 4.8878215 3.6668615 6.8351997 5.6304197 2.8321101 5.5953938 5.6308860 2.6120789 7.0650780 5.1984149 4.7342521 1.9173043 2.5579662 2.5234574 
sp_Q9RB65.2_PMP10.CHLPN     3.7232374 3.3926531 5.5508354 1.7213380 3.8086347 5.5467348 2.6139977 3.3056427 3.7862557 1.4776985 3.5287237 3.9358738 3.3150951 3.3154981 5.0709744 3.9273288 2.4643419 5.4655929 5.1959958 3.3570205 2.0360052 0.0000000 3.7704411 1.0933042 2.4754160 2.4675569 3.9168205 4.9788255 3.5881230 2.5926209 3.5232190 5.0987118 3.4028583 2.3373625 2.9592683 2.9592683 3.2696351 2.5438968 2.7803621 3.5316362 3.8052642 4.0750838 2.4684857 3.3780971 3.6118792 3.4275981 1.3280938 5.3008345 4.4980623 3.1627834 3.1828826 3.3706211 2.5584729 2.3656654 4.5137646 3.9041781 3.3103876 5.1163533 3.9298621 2.3728458 1.4649164 2.6849673 2.5738522 2.5738522 3.2696351 3.8637438 1.9335539 3.9041781 2.2178423 5.6672946 5.0708700 3.6651334 3.4241531 1.1229919 4.0116931 4.9175772 3.5550002 4.2743504 3.8637438 5.1926390 5.0708700 3.5304573 2.4884775 1.9169063 2.7676642 3.4154651 3.8052642 1.4111617 5.1213993 1.1890933 5.5508354 3.6795247 3.9517289 4.0046181 5.7757768 2.6791060 1.8170634 2.6593959 2.4019537 2.2623975 3.7759637 5.0743696 3.7411842 3.9421878 5.6672946 5.2035094 2.2988956 4.7894422 5.1797926 2.3908229 5.6139536 5.1527155 3.7757542 0.9816995 2.2099182 2.1262286 
sp_P38369.1_TPN50.TREPA     3.5445815 3.0460574 4.7676651 5.0835383 4.7650866 5.2673676 4.7018379 2.9246067 3.1820579 4.9870774 3.5674313 5.6357916 4.4070384 4.8937914 4.7388783 5.5638964 5.1057383 4.3603915 5.3782908 2.9842789 4.9259304 3.7704411 0.0000000 4.2544869 4.4872809 4.6425091 4.2519580 4.1549683 3.0154577 4.2174566 3.1143322 5.3788524 3.0182083 4.3059959 3.3847465 3.3847465 2.9965539 4.5266583 4.5593900 4.4077479 2.9885596 3.4585163 4.0938497 3.0460574 9.0000000 2.8255516 3.9462551 4.5517192 2.8314337 3.8544231 2.7457522 2.9983799 4.5956176 4.8506996 2.8336227 4.2991213 2.6932002 5.1604533 4.2606251 4.7120376 3.9410065 4.9576826 3.8521226 3.8521226 2.9965539 4.6972562 4.8090582 4.2991213 4.4285977 4.2792618 4.7388783 3.4054003 2.9998682 4.1004093 4.4103836 4.2083600 4.4440527 2.6551374 4.6972562 5.1347422 4.7388783 4.1856787 4.9343800 5.5998654 5.2966905 2.3312761 2.9885596 4.6523554 5.3653691 4.2561208 4.7676651 3.0008796 3.7478646 3.4483787 4.8076866 5.2280805 4.8521135 4.3088241 4.5711989 9.0000000 3.6442866 4.7388783 4.2798294 4.3837203 4.2792618 5.1742497 4.4921346 4.1564636 5.1552289 5.9443446 5.3378503 5.4288127 3.2185091 3.8730925 4.5567583 3.9918595 
sp_Q9Z398.1_PMP9.CHLPN      3.6879898 3.3293806 5.9044404 1.8307616 3.5122535 5.0538006 2.5939027 3.1614703 3.7604759 1.5814976 3.4300434 4.2714645 3.3528529 3.3098776 5.7160363 4.2433643 2.4575547 6.1580691 5.3894896 3.2954500 1.9662870 1.0933042 4.2544869 0.0000000 2.4450234 2.7780979 3.6026669 4.6616186 3.5018661 2.4304132 3.2969262 5.2713217 3.3673091 2.4224940 2.8214324 2.8214324 3.2521526 2.3922074 2.8826876 3.0264314 3.7504441 3.7500433 2.7254895 3.3153341 4.0421753 3.3175228 1.2984448 5.0802349 4.1992576 2.7376867 3.1032947 3.2933600 2.7844083 2.4262241 4.2141721 3.7430152 3.2543766 5.7983818 3.6146651 2.5762763 1.4538225 2.5476352 2.4824943 2.4824943 3.2521526 3.5269628 1.8866044 3.7430152 2.4015379 6.0724999 5.7152178 3.5791758 3.2416747 1.1411427 3.6508708 4.6265074 3.2908314 3.9486219 3.5269628 5.8253192 5.7152178 3.5140759 2.4871945 1.8874505 2.5279244 3.0661684 3.7504441 1.4158149 5.3072642 1.1712124 5.9044404 3.4783784 3.7452386 4.0178610 6.6892202 2.7320372 1.8697004 2.5963147 2.5577448 1.9293192 3.6067808 5.7206828 3.6128224 3.6269491 6.0724999 5.8403493 2.4706839 4.5027329 5.7803610 2.3239433 5.1530821 5.3409490 3.5845290 1.0538484 2.3633845 2.2182105 
sp_O84419.1_PMPC.CHLTR      4.1429350 4.1845103 6.2357425 2.8412863 3.9992303 6.1265181 3.5085097 3.9684392 4.4843968 2.6679087 3.9411213 4.1395347 3.5668100 4.1674185 5.5812627 4.2241222 3.2733179 6.3450527 6.6470891 4.1832186 2.9884779 2.4754160 4.4872809 2.4450234 0.0000000 2.9272252 4.6444442 5.6536248 4.4841493 3.0507483 4.3045796 6.6455135 4.3047896 2.6704632 3.6748836 3.6748836 4.1101986 3.1451348 3.3299785 4.2332057 4.4847892 4.4835750 2.9257480 4.1321133 8.9999986 3.9721604 2.7349870 6.1392605 4.9744918 4.3116737 3.7892737 4.2374416 3.3574014 3.0692882 5.0226184 4.7363796 4.0739257 8.0079688 4.6597545 0.5201670 2.7417899 2.8862495 3.6189587 3.6189587 4.1101986 4.4256100 3.2104449 4.7363796 0.8181087 6.2661465 5.5766576 4.1503388 4.2731674 2.6238318 4.4627995 5.7214711 3.5158618 4.7187877 4.4256100 7.9784974 5.5766576 3.7128951 3.1360157 3.1455997 2.9022870 3.4052921 4.4847892 2.1896403 6.6576564 2.5336272 6.2357425 3.9527845 4.6007882 4.7851339 6.1460048 3.1941989 2.8272423 3.5395342 3.0362591 6.7308655 4.0347667 5.6103077 4.8304434 4.3447501 6.2661465 7.9803638 0.8069753 5.5403516 7.9481411 2.9882556 6.0115463 6.6641153 4.1851606 2.4621188 2.8608826 1.2885285 
sp_Q9PLB0.1_PMPD.CHLMU      5.4411122 5.3869104 5.1614615 2.7653144 3.3869175 5.8635708 3.2872569 5.1946499 5.2273751 2.8359772 5.7973937 4.5262921 3.5192194 4.1541326 5.3273219 4.4847185 3.0715706 6.6928044 5.3955436 5.2349526 2.9447300 2.4675569 4.6425091 2.7780979 2.9272252 0.0000000 4.5225005 4.8584797 5.2680207 2.9694704 5.0395541 5.2634557 5.4871994 1.6109130 3.6024606 3.6024606 5.2484517 3.0032131 3.0096537 3.9347023 5.8753099 5.5906689 0.3616388 5.3518873 5.6814622 5.3784303 2.9724375 5.8764987 6.6686792 3.7963557 5.1785624 5.4378160 3.3204965 3.0802327 6.6966780 4.7512283 4.9151685 5.3583945 4.5364139 2.9137223 2.8080867 3.1110346 2.9778759 2.9778759 5.2484517 4.7095126 2.7610991 4.7512283 2.8160824 5.5712605 5.3269481 5.3510512 5.2262868 2.7349914 4.8062623 4.8242851 4.3391456 6.3611307 4.7095126 5.3896925 5.3269481 3.1951540 2.9730784 2.6250858 3.0654559 5.3329139 5.8753099 2.4626329 5.2144157 2.8317384 5.1614615 5.1411675 5.6538203 5.3966745 5.2212820 3.1926551 2.8766928 3.1535768 3.1197644 8.9999983 5.6792244 5.3305318 4.7085691 4.7508765 5.5712605 5.3710058 2.8608451 4.7246841 5.3426186 3.1038216 5.4780541 5.2061148 5.3745425 2.6670531 3.2759608 2.7092846 
sp_A3M8K2.2_OMP38.ACIBT     4.9434305 4.6503200 4.3004919 4.3143552 3.7492401 4.1408815 4.5684909 4.4212847 4.7441903 3.7392361 4.5495442 5.7614003 5.2164117 5.3376007 4.4031801 5.9807351 4.0661986 5.3319696 4.5041785 4.3897867 4.7242908 3.9168205 4.2519580 3.6026669 4.6444442 4.5225005 0.0000000 4.5947195 4.3805631 4.1159330 4.4515682 4.5434545 4.5074371 4.5552804 4.5719329 4.5719329 4.4192176 4.4706385 3.5658200 4.3373182 4.9139567 3.1719304 4.3460731 4.6503200 8.6588325 4.5601835 3.8587750 3.8820941 2.8934331 3.3570885 4.7832343 4.5074371 4.3755787 4.3390216 2.9092551 3.3024796 4.3055780 4.9550164 0.0029104 4.7174745 3.9486237 4.0609815 3.9777626 3.9777626 4.4192176 3.3683002 4.2409176 3.3024796 4.4290007 4.3918129 4.3799397 4.7393100 4.2432759 4.1667689 3.2692631 4.5988650 4.3553663 2.7278935 3.3683002 4.9802333 4.3799397 3.5428700 4.2955701 4.1997457 3.9911409 3.1555214 4.9139567 3.9771766 4.5041785 3.9049737 4.3004919 4.4167418 3.8251717 3.1488125 5.3405379 4.8103837 4.4362672 4.8041229 4.2635009 3.6552642 4.5757838 4.3799397 0.1511486 3.2271468 4.3918129 4.9952621 4.7287661 4.6002542 4.9903862 4.3600011 4.1020643 4.5041785 4.2691020 3.7541437 4.8617934 4.1282362 
sp_P77211.1_CUSC.ECOLI      4.2532076 5.1108359 1.1782667 5.0640730 5.1963171 3.1074121 5.3938089 5.7163145 5.4416442 5.4163850 5.1319773 6.1652450 3.2366870 6.8950682 1.2290143 6.1651954 6.0793326 3.5009041 2.5525686 4.7988532 5.8065569 4.9788255 4.1549683 4.6616186 5.6536248 4.8584797 4.5947195 0.0000000 4.8413005 3.8013369 4.7349141 2.5044169 4.9665408 4.8410636 4.5252290 4.5252290 4.8433316 6.0217340 4.7685389 5.8462052 5.0426096 5.4750843 4.7917896 5.1108359 1.6327584 5.4245821 4.2487534 2.6216784 5.6737571 4.6483320 6.0848571 4.9343524 5.8722718 5.4839657 5.4570460 6.4900977 5.5870551 2.2686898 4.5908341 5.2672709 4.7421273 6.2316968 3.7076566 3.7076566 4.8433316 6.1313285 5.4963440 6.4900977 5.4945760 1.3461121 1.2243333 6.0476981 4.3992065 4.6591771 5.7749773 0.0108989 2.9775713 5.3664780 6.1313285 2.2687520 1.2243333 4.4066705 5.5886507 5.0979950 6.3092255 6.0768492 5.0426096 4.7042936 2.5013763 4.9396213 1.1782667 6.5931327 5.4723078 6.7218176 1.2757645 5.6177504 5.0840842 5.4526095 5.3161989 1.6327584 4.7152614 1.2250173 4.4516431 5.7756408 1.3461121 2.2704411 5.5837928 0.0086998 2.2881897 6.3229719 3.1795657 2.5112236 4.7668429 4.4008479 5.2349651 5.6587392 
sp_I2BAK7.1_OMPA.SHIBC      0.9524604 0.1693440 6.5641006 3.2800896 3.8573637 6.2966929 3.9338675 0.1834656 1.6449019 3.6383792 0.9566383 5.0161769 5.4335950 4.8099830 5.2313657 4.9412227 3.9391525 6.7206747 6.3194648 0.1598372 4.6335093 3.5881230 3.0154577 3.5018661 4.4841493 5.2680207 4.3805631 4.8413005 0.0000000 3.6187956 0.1795459 6.3506134 0.1540763 4.9909267 4.1501817 4.1501817 0.1391917 3.9563092 3.8232392 2.3677732 0.3084924 2.3685152 4.7301062 0.1613010 0.1748191 0.1609695 3.8330630 6.0276007 1.5937172 2.5986181 0.1626382 0.1544496 4.5207194 4.6630567 1.6195067 4.6839327 0.0131469 5.4253416 4.3805631 4.4025676 3.8357109 4.8058771 3.2580342 3.2580342 0.1391917 4.9953067 4.7266361 4.6839327 4.1408667 6.4800314 5.1932426 1.8489520 0.1691963 3.4943347 4.9817101 4.8052245 4.6117599 1.6087061 4.9953067 5.3665063 5.1932426 3.8805963 4.2406040 4.9365417 4.9060580 1.2854021 0.3084924 3.5036514 6.3194648 3.7414682 6.5641006 0.3503882 2.5022674 2.3455104 7.5325098 4.5841262 3.4995553 4.2371638 4.5317594 1.2038833 0.9359957 5.1932426 4.6213443 5.0524394 6.4800314 5.3717912 4.3267513 4.8052245 5.3396966 4.1698168 6.9722226 6.3194648 0.2692722 3.8706365 4.2682598 4.6393096 
sp_P25253.1_OMPX.ENTCL      5.3934293 4.1208933 4.6052030 2.9149795 3.7468716 4.7020337 2.5806195 6.1925217 3.8924592 2.5073580 5.0699472 4.8034434 4.3740204 3.5053098 4.0386143 4.7473525 2.3355552 4.6065894 5.8206235 3.8645433 3.2044308 2.5926209 4.2174566 2.4304132 3.0507483 2.9694704 4.1159330 3.8013369 3.6187956 0.0000000 4.1035045 5.8206235 3.9707273 2.9995743 3.9307651 3.9307651 4.0075676 2.7718611 1.1372211 3.5775684 4.0964280 4.4534088 2.8634428 4.0591491 9.0000000 5.8314947 2.8770407 4.5677667 4.9656397 4.0707670 5.8311360 3.8786507 3.2427447 3.2089449 4.9656397 4.2997236 4.7830386 6.6192659 4.1544151 3.2521439 3.3819194 3.0818537 0.1896531 0.1896531 4.0075676 3.7674129 2.5281337 4.2997236 2.3722225 4.0434788 4.0420463 4.0315721 3.8537369 2.8843782 3.8181820 3.7494600 3.6563001 4.6417481 3.7674129 6.5625333 4.0420463 3.4672563 2.6358242 2.7728398 3.1107349 4.8488032 4.0964280 2.6485725 5.8206235 3.0079850 4.6052030 5.4612279 5.2839757 4.1635430 3.4662091 2.6780552 2.8525264 2.9914976 3.1727650 9.0000000 5.4008347 4.0420463 4.0311192 3.7356921 4.0434788 6.5118845 2.8135374 3.7494600 6.5625333 2.5824660 5.1489932 5.8206235 3.4840817 2.4050327 3.4089473 2.5988306 
sp_P24017.2_OMPA.KLEPN      0.9752741 0.1677001 6.1458014 3.4346550 4.5126920 6.2117483 4.2042468 0.1400036 1.6496969 3.5890720 0.9940996 5.1477859 6.1570103 5.3823187 5.3555103 5.1035795 3.9170644 7.1125728 6.3547329 0.1814930 4.2846579 3.5232190 3.1143322 3.2969262 4.3045796 5.0395541 4.4515682 4.7349141 0.1795459 4.1035045 0.0000000 6.3866480 0.1918040 4.6611374 4.3812152 4.3812152 0.1533863 3.8933706 4.2931401 2.3620995 0.3361349 2.2558430 4.7298873 0.1634426 0.1748191 0.1585881 3.6246176 5.6168657 1.5758170 2.8571410 0.1507875 0.1890372 4.6398710 4.4688876 1.6031040 5.2424110 0.1722123 5.4565309 4.4515682 4.3451211 3.6344493 4.5202221 3.7011674 3.7011674 0.1533863 5.5688237 4.5914446 5.2424110 4.0726134 6.6131503 5.3153085 1.8295658 0.1346321 3.4038194 5.6179775 4.6989160 4.5414186 1.5538015 5.5688237 5.3960522 5.3153085 4.4852604 4.3037493 4.6798760 4.7418403 1.2406513 0.3361349 3.4611142 6.3547329 3.5639955 6.1458014 0.3307020 2.2471662 2.2864316 7.5907487 4.7424854 3.6490309 4.5755773 4.4659996 1.2038833 0.9663347 5.3153085 4.7083183 5.7007974 6.6131503 5.4011873 4.1881098 4.6989160 5.3685623 4.1792223 6.8461495 6.3547329 0.2614622 3.6389898 4.2850797 4.3650220 
sp_Q8FFV6.2_MDTQ.ECOL6      6.4234634 6.1662680 2.7180806 5.5910180 5.5743173 3.9476390 6.0538080 5.4653185 6.6128000 5.9320675 6.6643788 6.0563506 4.4114308 5.3035380 2.7490341 6.2074016 6.5126378 4.6518697 0.0260783 5.7595981 5.0356854 5.0987118 5.3788524 5.2713217 6.6455135 5.2634557 4.5434545 2.5044169 6.3506134 5.8206235 6.3866480 0.0000000 5.5040870 5.3039909 4.6687309 4.6687309 5.8718349 6.3052240 6.3194507 6.8986853 7.2112263 6.5357684 4.8382026 6.1662680 8.9999988 5.1967417 4.8124664 3.3738742 5.0996371 5.2657667 5.7735029 5.5825837 6.5004213 5.7563902 5.1374873 6.6253445 6.1509608 1.7135879 4.5585231 6.7257265 5.2811538 6.2418171 4.7455545 4.7455545 5.8718349 5.8503646 5.7116863 6.6253445 5.9293981 2.9156463 2.7461536 6.4800795 5.9349853 5.1553110 6.6684905 2.5270621 3.4151697 5.0408543 5.8503646 1.6948372 2.7461536 4.8311172 7.4190910 6.2446507 6.2451084 4.5450061 7.2112263 4.7479551 0.0148776 5.6213990 2.7180806 7.5774966 7.1160017 6.6316344 2.9617392 7.4929562 5.6285627 6.2301895 5.7068039 4.2101482 6.6061064 2.7641393 4.4577904 6.5434091 2.9156463 1.6960130 6.1148338 2.4822397 1.7004130 5.6116740 4.0574814 0.0149071 6.8568199 5.3452668 5.7391306 5.8463510 
sp_P02936.2_OMPA.SALTY      0.9740451 0.0773883 6.4269674 3.3605562 4.0100891 5.8012098 3.8263204 0.0760470 1.5961940 3.5912278 0.9465121 5.2312514 4.8547083 4.8422613 4.9762632 5.2086667 3.9836963 6.5284122 5.4775031 0.0530294 4.2083430 3.4028583 3.0182083 3.3673091 4.3047896 5.4871994 4.5074371 4.9665408 0.1540763 3.9707273 0.1918040 5.5040870 0.0000000 4.8550861 4.4317302 4.4317302 0.0673859 4.0566993 3.8756263 2.3376740 0.3099280 2.3425233 4.8433453 0.0739012 0.1115333 0.0648704 3.6255461 5.8240954 1.5653853 2.7670267 0.0770645 0.0059670 4.7208949 4.7432546 1.5906867 4.7355864 0.1602784 4.9587316 4.5074371 4.3833559 3.8635415 4.6165683 3.5955783 3.5955783 0.0673859 5.0774145 4.6173895 4.7355864 3.9478933 6.1236694 4.9393446 1.7454289 0.1885267 3.2687926 5.0875353 4.9293564 4.5758655 1.5862140 5.0774145 4.9081065 4.9393446 4.0688827 4.1052161 4.7771271 4.9356875 1.2462187 0.3099280 3.3151483 5.4775031 3.5978175 6.4269674 0.4066846 2.4720618 2.3300989 7.1597795 4.7064576 3.5282088 4.3326658 4.7800488 0.9770766 0.9363827 4.9393446 4.7465511 5.1669884 6.1236694 4.9166033 4.1619302 4.9293564 4.8841187 4.0148364 6.4506086 5.4775031 0.2973364 3.6382548 4.0023936 4.3304131 
